date	location	variant	median_freq_nowcast	freq_upper_95	freq_lower_95	freq_upper_80	freq_lower_80	freq_upper_50	freq_lower_50	median_freq_forecast	freq_forecast_upper_95	freq_forecast_lower_95	freq_forecast_upper_80	freq_forecast_lower_80	freq_forecast_upper_50	freq_forecast_lower_50	model	analysis_date
2040-04-01	tropics	6	0.98719037	0.99147713	0.9818237	0.9900715	0.9838322	0.98868185	0.98542315								FGA	2041-04-01
2040-04-02	tropics	6	0.9871721	0.99146456	0.98179936	0.99005663	0.98381007	0.9886658	0.98540235								FGA	2041-04-01
2040-04-03	tropics	6	0.9868825	0.99126285	0.98141444	0.98982644	0.98346025	0.9884106	0.9850733								FGA	2041-04-01
2040-04-04	tropics	6	0.9864708	0.99097663	0.98088264	0.9895053	0.98296714	0.98805493	0.9846134								FGA	2041-04-01
2040-04-05	tropics	6	0.9862448	0.99081725	0.9805877	0.98932624	0.98269325	0.987855	0.9843522								FGA	2041-04-01
2040-04-06	tropics	6	0.9860386	0.9906723	0.9803196	0.9891642	0.9824444	0.9876735	0.98411757								FGA	2041-04-01
2040-04-07	tropics	6	0.9857547	0.9904718	0.979955	0.9889403	0.98210114	0.9874159	0.983794								FGA	2041-04-01
2040-04-08	tropics	6	0.9854529	0.99025863	0.9795745	0.98870194	0.9817378	0.9871431	0.9834587								FGA	2041-04-01
2040-04-09	tropics	6	0.98517644	0.99006313	0.9792266	0.9884835	0.9814099	0.9869036	0.9831644								FGA	2041-04-01
2040-04-10	tropics	6	0.98490685	0.9898674	0.9788795	0.98826504	0.9810876	0.98666126	0.98287076								FGA	2041-04-01
2040-04-11	tropics	6	0.9846246	0.98965865	0.9785114	0.9880322	0.98074394	0.986401	0.9825539								FGA	2041-04-01
2040-04-12	tropics	6	0.9843348	0.9894439	0.9781387	0.9877927	0.98039365	0.9861258	0.9822238								FGA	2041-04-01
2040-04-13	tropics	6	0.98404336	0.9892287	0.9777664	0.9875527	0.980041	0.9858596	0.98188984								FGA	2041-04-01
2040-04-14	tropics	6	0.98374367	0.98900986	0.97738767	0.98730874	0.9796836	0.9855926	0.98154527								FGA	2041-04-01
2040-04-15	tropics	6	0.98343617	0.98878497	0.9769954	0.98705834	0.9793172	0.9853187	0.9812028								FGA	2041-04-01
2040-04-16	tropics	6	0.9831225	0.98855525	0.9765961	0.98680264	0.97894377	0.9850393	0.98084664								FGA	2041-04-01
2040-04-17	tropics	6	0.98280394	0.9883216	0.97619116	0.98654276	0.97856486	0.98475313	0.98048866								FGA	2041-04-01
2040-04-18	tropics	6	0.982476	0.98808336	0.97577965	0.98627794	0.9781795	0.9844614	0.9801243								FGA	2041-04-01
2040-04-19	tropics	6	0.98214227	0.98784006	0.9753607	0.9860077	0.97778714	0.98415715	0.9797528								FGA	2041-04-01
2040-04-20	tropics	6	0.9818049	0.9875925	0.9749345	0.9857321	0.9773889	0.9838489	0.9793756								FGA	2041-04-01
2040-04-21	tropics	6	0.9814626	0.9873402	0.9745015	0.9854513	0.97698396	0.98353857	0.9789933								FGA	2041-04-01
2040-04-22	tropics	6	0.9811189	0.9870827	0.97406125	0.9851651	0.976572	0.9832188	0.9786109								FGA	2041-04-01
2040-04-23	tropics	6	0.9807688	0.98682004	0.9736135	0.9848733	0.97615266	0.9828928	0.9782232								FGA	2041-04-01
2040-04-24	tropics	6	0.98041224	0.9865521	0.9731581	0.9845757	0.97572607	0.9825606	0.9778287								FGA	2041-04-01
2040-04-25	tropics	6	0.9800426	0.9862788	0.9726953	0.98426545	0.975292	0.98222005	0.9774272								FGA	2041-04-01
2040-04-26	tropics	6	0.979669	0.986	0.9722246	0.9839456	0.9748505	0.9818726	0.9770186								FGA	2041-04-01
2040-04-27	tropics	6	0.97928846	0.9857156	0.9717451	0.9836151	0.9744012	0.9815186	0.9766009								FGA	2041-04-01
2040-04-28	tropics	6	0.97890276	0.9854256	0.97125536	0.983274	0.9739333	0.9811577	0.97615457								FGA	2041-04-01
2040-04-29	tropics	6	0.9785143	0.9851209	0.9707575	0.9829257	0.9734536	0.9807881	0.97570324								FGA	2041-04-01
2040-04-30	tropics	6	0.9781189	0.984809	0.97024304	0.98257715	0.97296536	0.98041815	0.9752531								FGA	2041-04-01
2040-05-01	tropics	6	0.9777064	0.98450136	0.96970665	0.98223424	0.97246987	0.980029	0.97479486								FGA	2041-04-01
2040-05-02	tropics	6	0.9772881	0.9841874	0.9691601	0.98188466	0.97196615	0.97964245	0.9743284								FGA	2041-04-01
2040-05-03	tropics	6	0.9768623	0.98386747	0.96860135	0.98152286	0.97145706	0.9792464	0.97386414								FGA	2041-04-01
2040-05-04	tropics	6	0.97642493	0.98354095	0.9680329	0.98115	0.9709666	0.9788413	0.97339356								FGA	2041-04-01
2040-05-05	tropics	6	0.975973	0.98320806	0.96745443	0.98076874	0.9704679	0.9784327	0.9729148								FGA	2041-04-01
2040-05-06	tropics	6	0.97551966	0.98286855	0.9668659	0.9803786	0.9699609	0.9780251	0.97242767								FGA	2041-04-01
2040-05-07	tropics	6	0.9749439	0.98246783	0.96618193	0.9798221	0.96932685	0.9775189	0.9719007								FGA	2041-04-01
2040-05-08	tropics	6	0.97318345	0.9811453	0.96425617	0.9785078	0.9672738	0.9759768	0.97005534								FGA	2041-04-01
2040-05-09	tropics	6	0.9713738	0.9795751	0.9619822	0.9770551	0.96508324	0.9744065	0.96814287								FGA	2041-04-01
2040-05-10	tropics	6	0.9702722	0.978746	0.96015114	0.9761472	0.9635531	0.97330046	0.96657443								FGA	2041-04-01
2040-05-11	tropics	6	0.96914697	0.9778644	0.9583751	0.97523046	0.96213573	0.97237426	0.96514386								FGA	2041-04-01
2040-05-12	tropics	6	0.96782506	0.97669554	0.9557472	0.97416353	0.9603731	0.97101194	0.9633038								FGA	2041-04-01
2040-05-13	tropics	6	0.9664037	0.97557163	0.95332736	0.9732161	0.95847845	0.9699304	0.9616949								FGA	2041-04-01
2040-05-14	tropics	6	0.9652596	0.974522	0.95109075	0.97214925	0.9565557	0.9690037	0.9601157								FGA	2041-04-01
2040-05-15	tropics	6	0.9640201	0.9734477	0.94862676	0.9712414	0.95481145	0.9680453	0.95864177								FGA	2041-04-01
2040-05-16	tropics	6	0.9628433	0.9724471	0.94608945	0.9702052	0.9528681	0.96680665	0.95690006								FGA	2041-04-01
2040-05-17	tropics	6	0.9616127	0.9715664	0.94369465	0.9692329	0.95094645	0.9657031	0.9553198								FGA	2041-04-01
2040-05-18	tropics	6	0.9603566	0.97070134	0.9412571	0.968194	0.9489837	0.964574	0.9538019								FGA	2041-04-01
2040-05-19	tropics	6	0.9590279	0.96982914	0.9387384	0.96722406	0.94724613	0.9635318	0.9520774								FGA	2041-04-01
2040-05-20	tropics	6	0.95778465	0.96898174	0.93624693	0.96612424	0.94537127	0.9623959	0.9505282								FGA	2041-04-01
2040-05-21	tropics	6	0.9564173	0.9681048	0.93392986	0.96527314	0.9436922	0.9613761	0.94914913								FGA	2041-04-01
2040-05-22	tropics	6	0.9556228	0.96724695	0.9335571	0.96449465	0.943125	0.96051085	0.94818467								FGA	2041-04-01
2040-05-23	tropics	6	0.95491123	0.9664589	0.9337079	0.963986	0.94243807	0.959949	0.94766283								FGA	2041-04-01
2040-05-24	tropics	6	0.95382655	0.96572375	0.9326244	0.9631091	0.9413504	0.9590504	0.9467043								FGA	2041-04-01
2040-05-25	tropics	6	0.95267904	0.9649757	0.9314432	0.9622938	0.94026077	0.9580143	0.9455849								FGA	2041-04-01
2040-05-26	tropics	6	0.9517726	0.96427983	0.9305817	0.9614256	0.93933195	0.9571692	0.9445797								FGA	2041-04-01
2040-05-27	tropics	6	0.95084083	0.96357447	0.92983717	0.96058685	0.9382951	0.9563613	0.9436834								FGA	2041-04-01
2040-05-28	tropics	6	0.9499296	0.962835	0.92885023	0.9598173	0.93724686	0.95570123	0.942681								FGA	2041-04-01
2040-05-29	tropics	6	0.9489609	0.9620361	0.92771554	0.959083	0.9361507	0.95477754	0.9417182								FGA	2041-04-01
2040-05-30	tropics	6	0.94802046	0.96127474	0.926763	0.9582695	0.9351023	0.9539101	0.9406716								FGA	2041-04-01
2040-05-31	tropics	6	0.94713867	0.9605298	0.92581296	0.9573391	0.9340757	0.9530252	0.9397594								FGA	2041-04-01
2040-06-01	tropics	6	0.9460987	0.9598307	0.9248572	0.95643944	0.93305755	0.9521437	0.9388832								FGA	2041-04-01
2040-06-02	tropics	6	0.94502854	0.95912206	0.92373616	0.9557009	0.9320256	0.9511634	0.93790644								FGA	2041-04-01
2040-06-03	tropics	6	0.94403934	0.9584069	0.9222997	0.954936	0.930871	0.95018417	0.93679136								FGA	2041-04-01
2040-06-04	tropics	6	0.9430215	0.95767486	0.9209305	0.9539395	0.9297877	0.94936466	0.9356612								FGA	2041-04-01
2040-06-05	tropics	6	0.9422597	0.95697844	0.92014056	0.9532486	0.92904454	0.9486765	0.9348713								FGA	2041-04-01
2040-06-06	tropics	6	0.9416091	0.9562872	0.9195782	0.95268494	0.9283721	0.9480437	0.93418604								FGA	2041-04-01
2040-06-07	tropics	6	0.94065475	0.9555412	0.9186191	0.95196694	0.92743033	0.9472247	0.9332259								FGA	2041-04-01
2040-06-08	tropics	6	0.9398496	0.9548194	0.9176317	0.9512319	0.92646533	0.94643867	0.93230283								FGA	2041-04-01
2040-06-09	tropics	6	0.93908226	0.95413864	0.91677725	0.9505187	0.92559993	0.94565165	0.93136847								FGA	2041-04-01
2040-06-10	tropics	6	0.938191	0.95345134	0.91591024	0.9497185	0.9246537	0.9449081	0.93051404								FGA	2041-04-01
2040-06-11	tropics	6	0.9372344	0.9527812	0.9149693	0.94888586	0.92360955	0.94410795	0.92961156								FGA	2041-04-01
2040-06-12	tropics	6	0.9363158	0.95210594	0.9140125	0.94803077	0.92254746	0.9432944	0.9288002								FGA	2041-04-01
2040-06-13	tropics	6	0.93558085	0.9513801	0.91306216	0.94713205	0.92160827	0.9424496	0.9279176								FGA	2041-04-01
2040-06-14	tropics	6	0.9346371	0.95062804	0.91209465	0.9462175	0.92053896	0.9415912	0.92698735								FGA	2041-04-01
2040-06-15	tropics	6	0.9337384	0.9498608	0.9111016	0.9453554	0.9195073	0.9407095	0.9259945								FGA	2041-04-01
2040-06-16	tropics	6	0.9327328	0.94907933	0.91007304	0.94452286	0.91867495	0.9397935	0.9249636								FGA	2041-04-01
2040-06-17	tropics	6	0.93172675	0.9482839	0.90894425	0.9436072	0.91768605	0.938856	0.9238939								FGA	2041-04-01
2040-06-18	tropics	6	0.9307643	0.94747365	0.9077974	0.94267535	0.9168041	0.93792254	0.92281204								FGA	2041-04-01
2040-06-19	tropics	6	0.9298321	0.94664824	0.90663105	0.94177026	0.91572756	0.9370798	0.92170167								FGA	2041-04-01
2040-06-20	tropics	6	0.9287778	0.9458269	0.9054463	0.940866	0.9146749	0.93609273	0.92051816								FGA	2041-04-01
2040-06-21	tropics	6	0.9276831	0.94499093	0.9042433	0.9399647	0.91361195	0.93508965	0.91937								FGA	2041-04-01
2040-06-22	tropics	6	0.9266143	0.94413954	0.9030212	0.93904734	0.9124953	0.9341327	0.9183302								FGA	2041-04-01
2040-06-23	tropics	6	0.92555463	0.94327235	0.9017798	0.93811035	0.91127545	0.93314725	0.9172039								FGA	2041-04-01
2040-06-24	tropics	6	0.9244895	0.94238913	0.9005189	0.9371491	0.90999055	0.93216497	0.9161783								FGA	2041-04-01
2040-06-25	tropics	6	0.9234263	0.94148946	0.8992383	0.9361709	0.90885663	0.93116605	0.91514057								FGA	2041-04-01
2040-06-26	tropics	6	0.9223467	0.9405732	0.89793825	0.9351753	0.9077043	0.93015045	0.9139093								FGA	2041-04-01
2040-06-27	tropics	6	0.9212032	0.9396401	0.89660335	0.934162	0.9064048	0.92907226	0.9126698								FGA	2041-04-01
2040-06-28	tropics	6	0.9200875	0.9386898	0.8954184	0.9330904	0.9051809	0.92800736	0.91152316								FGA	2041-04-01
2040-06-29	tropics	6	0.9189943	0.9377221	0.89404696	0.93199164	0.90397626	0.92694175	0.9103137								FGA	2041-04-01
2040-06-30	tropics	6	0.9178424	0.93672043	0.8926436	0.93090826	0.90258163	0.9258046	0.9090636								FGA	2041-04-01
2040-07-01	tropics	6	0.9167198	0.9356647	0.8912445	0.9298397	0.9011661	0.92457163	0.9078529								FGA	2041-04-01
2040-07-02	tropics	6	0.9154845	0.93459004	0.8897921	0.92875236	0.8997805	0.9234364	0.90660185								FGA	2041-04-01
2040-07-03	tropics	6	0.9141973	0.9334958	0.88831675	0.92763704	0.8986053	0.9222237	0.9052223								FGA	2041-04-01
2040-07-04	tropics	6	0.9129433	0.932382	0.88681805	0.92639357	0.8972144	0.92097175	0.9038197								FGA	2041-04-01
2040-07-05	tropics	6	0.9116535	0.93124807	0.8852959	0.92521423	0.89578617	0.9197007	0.9024909								FGA	2041-04-01
2040-07-06	tropics	6	0.9103317	0.9300939	0.88374984	0.92404234	0.8943381	0.9183748	0.90122								FGA	2041-04-01
2040-07-07	tropics	6	0.9089638	0.9289214	0.88242376	0.92283535	0.89287525	0.9170307	0.8999256								FGA	2041-04-01
2040-07-08	tropics	6	0.9075392	0.9277304	0.8811621	0.9216086	0.8913913	0.91567034	0.8986399								FGA	2041-04-01
2040-07-09	tropics	6	0.90618384	0.92651814	0.8798782	0.9203977	0.88988566	0.9142885	0.89729977								FGA	2041-04-01
2040-07-10	tropics	6	0.9047866	0.9252842	0.87857175	0.9191489	0.88840616	0.9129785	0.8959396								FGA	2041-04-01
2040-07-11	tropics	6	0.9033683	0.9240286	0.87723356	0.91787964	0.8869205	0.91161853	0.8944926								FGA	2041-04-01
2040-07-12	tropics	6	0.901937	0.92275065	0.87556857	0.91658556	0.88527244	0.9102135	0.89292026								FGA	2041-04-01
2040-07-13	tropics	6	0.9005068	0.92145663	0.87382084	0.9152701	0.8836473	0.90872157	0.8913452								FGA	2041-04-01
2040-07-14	tropics	6	0.8990885	0.92017686	0.872047	0.9139335	0.8819969	0.90722466	0.88969576								FGA	2041-04-01
2040-07-15	tropics	6	0.8976388	0.91887516	0.87024665	0.91257524	0.8803198	0.90574944	0.8880099								FGA	2041-04-01
2040-07-16	tropics	6	0.896141	0.91755116	0.86841947	0.91119516	0.87861097	0.9041778	0.88629955								FGA	2041-04-01
2040-07-17	tropics	6	0.8946159	0.91620475	0.86656535	0.9097895	0.87689084	0.9025413	0.884559								FGA	2041-04-01
2040-07-18	tropics	6	0.89308643	0.9148244	0.86468387	0.9082688	0.87514615	0.90094805	0.88284063								FGA	2041-04-01
2040-07-19	tropics	6	0.891418	0.9133909	0.8628577	0.90669143	0.8733763	0.8993449	0.88111097								FGA	2041-04-01
2040-07-20	tropics	6	0.88972485	0.91193324	0.8611375	0.9050824	0.8716023	0.8977686	0.8795238								FGA	2041-04-01
2040-07-21	tropics	6	0.8881345	0.9104515	0.859391	0.9036078	0.8698203	0.89614195	0.87778777								FGA	2041-04-01
2040-07-22	tropics	6	0.8865379	0.90894496	0.85761803	0.9020954	0.8680134	0.89450246	0.8761043								FGA	2041-04-01
2040-07-23	tropics	6	0.88485503	0.90741366	0.85581845	0.90056103	0.86618155	0.89280653	0.8743429								FGA	2041-04-01
2040-07-24	tropics	6	0.8831098	0.905857	0.85399175	0.8989869	0.86432445	0.8910978	0.8726274								FGA	2041-04-01
2040-07-25	tropics	6	0.88134277	0.9042748	0.85213786	0.89737624	0.86237854	0.8893131	0.8708601								FGA	2041-04-01
2040-07-26	tropics	6	0.87962663	0.9026668	0.8502152	0.89572585	0.8603696	0.8876031	0.86897063								FGA	2041-04-01
2040-07-27	tropics	6	0.87785983	0.9010325	0.8482408	0.89401484	0.85833704	0.88581026	0.86704355								FGA	2041-04-01
2040-07-28	tropics	6	0.8761202	0.899373	0.8462394	0.89233714	0.8565186	0.8841082	0.86508906								FGA	2041-04-01
2040-07-29	tropics	6	0.8742745	0.8977617	0.8442067	0.8906619	0.8544026	0.8823756	0.86310303								FGA	2041-04-01
2040-07-30	tropics	6	0.8724209	0.8962537	0.8421362	0.88896054	0.8522319	0.88060606	0.86099726								FGA	2041-04-01
2040-07-31	tropics	6	0.870489	0.89472103	0.840038	0.8871993	0.85013825	0.87870973	0.8589023								FGA	2041-04-01
2040-08-01	tropics	6	0.8685075	0.893081	0.83775836	0.8853723	0.84827435	0.8767795	0.8567798								FGA	2041-04-01
2040-08-02	tropics	6	0.86651903	0.89132947	0.8354149	0.883516	0.84632975	0.8748209	0.8546655								FGA	2041-04-01
2040-08-03	tropics	6	0.8645481	0.88954985	0.8330414	0.8816529	0.8441689	0.8728236	0.85261184								FGA	2041-04-01
2040-08-04	tropics	6	0.8625435	0.8877417	0.83071035	0.8798036	0.8418991	0.87080854	0.85058403								FGA	2041-04-01
2040-08-05	tropics	6	0.86045206	0.8859048	0.828485	0.877927	0.8397939	0.8687312	0.84841985								FGA	2041-04-01
2040-08-06	tropics	6	0.8583467	0.8840388	0.82622176	0.8760227	0.83763844	0.86662596	0.8461797								FGA	2041-04-01
2040-08-07	tropics	6	0.85626835	0.88214344	0.8239853	0.87408954	0.8353956	0.86463314	0.84403384								FGA	2041-04-01
2040-08-08	tropics	6	0.85410607	0.88021827	0.8217021	0.8721232	0.8330377	0.86254764	0.84193087								FGA	2041-04-01
2040-08-09	tropics	6	0.8518624	0.87826294	0.8193573	0.87012875	0.83070403	0.8604532	0.83963877								FGA	2041-04-01
2040-08-10	tropics	6	0.84964764	0.8762774	0.8170006	0.86814743	0.8282868	0.8583791	0.8373706								FGA	2041-04-01
2040-08-11	tropics	6	0.8473928	0.87426096	0.814612	0.86611	0.825938	0.85622394	0.8351075								FGA	2041-04-01
2040-08-12	tropics	6	0.84508705	0.8722136	0.81219137	0.86391807	0.8235583	0.85410744	0.8328419								FGA	2041-04-01
2040-08-13	tropics	6	0.8428069	0.8701467	0.80973846	0.8616902	0.82107854	0.8519644	0.8305286								FGA	2041-04-01
2040-08-14	tropics	6	0.8404825	0.8680748	0.80725306	0.8594689	0.8185677	0.84972453	0.8281364								FGA	2041-04-01
2040-08-15	tropics	6	0.8381546	0.8659716	0.80473506	0.8572814	0.8160934	0.84748584	0.8257077								FGA	2041-04-01
2040-08-16	tropics	6	0.83573204	0.863837	0.8021842	0.8549969	0.81362015	0.84532	0.82333946								FGA	2041-04-01
2040-08-17	tropics	6	0.83330876	0.8616705	0.79960054	0.85268015	0.81101274	0.84312546	0.82084775								FGA	2041-04-01
2040-08-18	tropics	6	0.83086616	0.859472	0.7969837	0.8504282	0.808479	0.84072304	0.81817424								FGA	2041-04-01
2040-08-19	tropics	6	0.82837415	0.8572411	0.7943293	0.8481699	0.80599654	0.8383343	0.81568146								FGA	2041-04-01
2040-08-20	tropics	6	0.8258771	0.8549775	0.7916376	0.84583324	0.8034265	0.83599883	0.81315875								FGA	2041-04-01
2040-08-21	tropics	6	0.8232724	0.8526866	0.7887987	0.8433712	0.800683	0.8336536	0.81055194								FGA	2041-04-01
2040-08-22	tropics	6	0.82066846	0.8503628	0.7858699	0.8408743	0.7979088	0.8312732	0.80781496								FGA	2041-04-01
2040-08-23	tropics	6	0.8180903	0.8480057	0.7828968	0.8384406	0.7951025	0.8286997	0.8052507								FGA	2041-04-01
2040-08-24	tropics	6	0.8154019	0.84561515	0.78000426	0.83601016	0.792262	0.82615626	0.8025313								FGA	2041-04-01
2040-08-25	tropics	6	0.81271696	0.8431368	0.7770705	0.8335461	0.7893221	0.8235134	0.79978037								FGA	2041-04-01
2040-08-26	tropics	6	0.81007004	0.8405923	0.7740011	0.831048	0.78631526	0.820852	0.7969655								FGA	2041-04-01
2040-08-27	tropics	6	0.80735755	0.838011	0.77089596	0.82847846	0.7832791	0.81820726	0.7941721								FGA	2041-04-01
2040-08-28	tropics	6	0.8045617	0.8353927	0.76761615	0.8258203	0.7802074	0.81549305	0.791389								FGA	2041-04-01
2040-08-29	tropics	6	0.80168056	0.83273697	0.7642589	0.82312065	0.77709985	0.81275207	0.78842485								FGA	2041-04-01
2040-08-30	tropics	6	0.7988725	0.8300343	0.760896	0.82038295	0.77409405	0.8100593	0.7853949								FGA	2041-04-01
2040-08-31	tropics	6	0.7958734	0.8272858	0.75765634	0.81752837	0.7710728	0.8072752	0.7824345								FGA	2041-04-01
2040-09-01	tropics	6	0.7928306	0.8244993	0.7544032	0.81478184	0.7680317	0.80441046	0.7793789								FGA	2041-04-01
2040-09-02	tropics	6	0.7897949	0.8216748	0.7512937	0.8120839	0.7649691	0.80165875	0.7764006								FGA	2041-04-01
2040-09-03	tropics	6	0.78680587	0.81881195	0.74814534	0.80921257	0.7618756	0.7988755	0.77336097								FGA	2041-04-01
2040-09-04	tropics	6	0.78373814	0.8159732	0.74479544	0.80616015	0.7587565	0.7960261	0.7703047								FGA	2041-04-01
2040-09-05	tropics	6	0.7806338	0.81308174	0.7414004	0.80320495	0.7556029	0.7929797	0.76720184								FGA	2041-04-01
2040-09-06	tropics	6	0.77766633	0.8101236	0.73796946	0.80040276	0.7523686	0.7899941	0.7640728								FGA	2041-04-01
2040-09-07	tropics	6	0.7744727	0.8071563	0.7345034	0.79746383	0.7489347	0.7870341	0.76081836								FGA	2041-04-01
2040-09-08	tropics	6	0.7711457	0.80417144	0.7310022	0.7944962	0.7455566	0.7840066	0.7575608								FGA	2041-04-01
2040-09-09	tropics	6	0.76790583	0.8011489	0.72746617	0.7916637	0.74218786	0.78090495	0.75427055								FGA	2041-04-01
2040-09-10	tropics	6	0.7646134	0.79808867	0.7238954	0.7887421	0.7389765	0.7777474	0.7509479								FGA	2041-04-01
2040-09-11	tropics	6	0.76126826	0.7949908	0.72035646	0.78577703	0.7353825	0.7745589	0.7476029								FGA	2041-04-01
2040-09-12	tropics	6	0.7579681	0.79185486	0.7168401	0.7827533	0.73179984	0.77128935	0.7443265								FGA	2041-04-01
2040-09-13	tropics	6	0.7546828	0.78868115	0.71329087	0.77969414	0.7282611	0.76801294	0.7409227								FGA	2041-04-01
2040-09-14	tropics	6	0.75139844	0.7854773	0.709709	0.7764776	0.7246885	0.76464516	0.73747385								FGA	2041-04-01
2040-09-15	tropics	6	0.7479757	0.7822845	0.70609474	0.7731839	0.7211086	0.76125044	0.73392546								FGA	2041-04-01
2040-09-16	tropics	6	0.74454546	0.77889025	0.70244825	0.7698511	0.71761125	0.7578582	0.730428								FGA	2041-04-01
2040-09-17	tropics	6	0.7411183	0.7754725	0.6987678	0.76645976	0.714027	0.7544687	0.72690326								FGA	2041-04-01
2040-09-18	tropics	6	0.7377056	0.77210927	0.69505066	0.7630301	0.71023595	0.7510141	0.7233455								FGA	2041-04-01
2040-09-19	tropics	6	0.73420316	0.7687372	0.6913019	0.7596429	0.70638543	0.74755955	0.71975505								FGA	2041-04-01
2040-09-20	tropics	6	0.7306911	0.765327	0.6875219	0.75617605	0.70262754	0.744101	0.716132								FGA	2041-04-01
2040-09-21	tropics	6	0.7271342	0.7617355	0.68371093	0.75280344	0.6988326	0.74061805	0.7123848								FGA	2041-04-01
2040-09-22	tropics	6	0.7234967	0.75817984	0.67984563	0.74924016	0.6950864	0.7370334	0.7086572								FGA	2041-04-01
2040-09-23	tropics	6	0.71984583	0.75463206	0.6758932	0.7456337	0.69128585	0.73347646	0.70489025								FGA	2041-04-01
2040-09-24	tropics	6	0.716254	0.7511992	0.6719093	0.74213046	0.68745613	0.7296584	0.7010886								FGA	2041-04-01
2040-09-25	tropics	6	0.7125292	0.7477681	0.6678941	0.7386123	0.68350446	0.726209	0.6972827								FGA	2041-04-01
2040-09-26	tropics	6	0.7086792	0.7442799	0.66384816	0.73506653	0.6793968	0.72235715	0.69347686								FGA	2041-04-01
2040-09-27	tropics	6	0.7049173	0.74069667	0.65981495	0.7315143	0.6754047	0.7187755	0.6896358								FGA	2041-04-01
2040-09-28	tropics	6	0.70104444	0.7370788	0.6557982	0.7279303	0.6716132	0.71523196	0.6856091								FGA	2041-04-01
2040-09-29	tropics	6	0.6970959	0.73342645	0.6517556	0.7244869	0.66790533	0.71155113	0.6816858								FGA	2041-04-01
2040-09-30	tropics	6	0.69310415	0.72973984	0.6476874	0.7208238	0.66393477	0.7076156	0.67768645								FGA	2041-04-01
2040-10-01	tropics	6	0.6891159	0.72606677	0.64358854	0.7169831	0.65993834	0.7036467	0.67366576								FGA	2041-04-01
2040-10-02	tropics	6	0.6851326	0.72248185	0.6393594	0.7133641	0.6560478	0.6996609	0.66962516								FGA	2041-04-01
2040-10-03	tropics	6	0.68122756	0.7186333	0.63509697	0.7095777	0.652145	0.6956425	0.6655246								FGA	2041-04-01
2040-10-04	tropics	6	0.6771498	0.71476436	0.63080865	0.70570123	0.6482189	0.6918695	0.66141075								FGA	2041-04-01
2040-10-05	tropics	6	0.6730979	0.7108615	0.6264953	0.7017655	0.6442698	0.6880721	0.6573962								FGA	2041-04-01
2040-10-06	tropics	6	0.66912913	0.7068887	0.6221574	0.6977971	0.64025486	0.6841713	0.65335906								FGA	2041-04-01
2040-10-07	tropics	6	0.6652293	0.70290786	0.6178728	0.69378465	0.6359517	0.6801588	0.64937925								FGA	2041-04-01
2040-10-08	tropics	6	0.66111994	0.69889337	0.613651	0.68976444	0.631625	0.6761458	0.6453941								FGA	2041-04-01
2040-10-09	tropics	6	0.6568894	0.6948456	0.60940856	0.6857007	0.6272753	0.6720319	0.64136976								FGA	2041-04-01
2040-10-10	tropics	6	0.65259856	0.6908787	0.60501367	0.6816061	0.6229033	0.6679745	0.63722724								FGA	2041-04-01
2040-10-11	tropics	6	0.64839435	0.6869282	0.6005529	0.6774808	0.6185096	0.66401887	0.633007								FGA	2041-04-01
2040-10-12	tropics	6	0.64416504	0.6829462	0.5960718	0.67336506	0.61419207	0.6599196	0.6287166								FGA	2041-04-01
2040-10-13	tropics	6	0.6399113	0.6788475	0.59157103	0.6692709	0.60990345	0.65569526	0.62444437								FGA	2041-04-01
2040-10-14	tropics	6	0.63562596	0.6746264	0.5870514	0.6648778	0.60557723	0.65150225	0.62015086								FGA	2041-04-01
2040-10-15	tropics	6	0.63138795	0.6704903	0.58251363	0.66061467	0.60123223	0.6471148	0.61557317								FGA	2041-04-01
2040-10-16	tropics	6	0.6270908	0.6663441	0.5779585	0.65625954	0.5968948	0.64292586	0.61119145								FGA	2041-04-01
2040-10-17	tropics	6	0.62274885	0.6621697	0.5733867	0.65183735	0.592541	0.63882494	0.606822								FGA	2041-04-01
2040-10-18	tropics	6	0.61851954	0.6579677	0.56879914	0.64761174	0.58805704	0.6345868	0.6023603								FGA	2041-04-01
2040-10-19	tropics	6	0.6142171	0.6537386	0.5641965	0.64333147	0.5835537	0.63035566	0.597972								FGA	2041-04-01
2040-10-20	tropics	6	0.6099056	0.6494828	0.5595796	0.63896406	0.5791625	0.6260679	0.5934633								FGA	2041-04-01
2040-10-21	tropics	6	0.60548854	0.645201	0.5549494	0.6345521	0.57478005	0.6216891	0.58888364								FGA	2041-04-01
2040-10-22	tropics	6	0.6011822	0.64089364	0.5503065	0.63014245	0.57035893	0.61725694	0.58424956								FGA	2041-04-01
2040-10-23	tropics	6	0.596805	0.63656133	0.54565185	0.6259222	0.56568307	0.61299133	0.579651								FGA	2041-04-01
2040-10-24	tropics	6	0.5925163	0.63235426	0.5409863	0.62168473	0.560992	0.6086824	0.5752549								FGA	2041-04-01
2040-10-25	tropics	6	0.58807147	0.6281876	0.5363107	0.6174269	0.5563012	0.6041285	0.5706446								FGA	2041-04-01
2040-10-26	tropics	6	0.5835793	0.6239994	0.5316951	0.6131151	0.5518007	0.599566	0.5660969								FGA	2041-04-01
2040-10-27	tropics	6	0.5790552	0.61979026	0.52707934	0.60877144	0.5473265	0.59521586	0.5615942								FGA	2041-04-01
2040-10-28	tropics	6	0.5744106	0.6155607	0.5224564	0.6044676	0.5428473	0.59057444	0.5569737								FGA	2041-04-01
2040-10-29	tropics	6	0.56989115	0.6112298	0.51782703	0.6001578	0.538386	0.58583534	0.5521787								FGA	2041-04-01
2040-10-30	tropics	6	0.5652138	0.6068368	0.5131909	0.5956606	0.533772	0.58118916	0.5474574								FGA	2041-04-01
2040-10-31	tropics	6	0.56041944	0.6024458	0.5085444	0.59117085	0.52906084	0.57669306	0.5427297								FGA	2041-04-01
2040-11-01	tropics	6	0.5557685	0.5980291	0.50389415	0.586628	0.52434325	0.5721108	0.53797084								FGA	2041-04-01
2040-11-02	tropics	6	0.55109775	0.5934882	0.49924088	0.5820127	0.51961994	0.56748927	0.5333593								FGA	2041-04-01
2040-11-03	tropics	6	0.5465718	0.58893013	0.4945855	0.5775484	0.5148709	0.5629076	0.5289098								FGA	2041-04-01
2040-11-04	tropics	6	0.5419391	0.5843557	0.48992893	0.572989	0.510135	0.5585087	0.5244668								FGA	2041-04-01
2040-11-05	tropics	6	0.53723156	0.5797656	0.48527187	0.56851906	0.50556296	0.55396014	0.51995397								FGA	2041-04-01
2040-11-06	tropics	6	0.5325695	0.57526183	0.4806153	0.5639289	0.5009993	0.54922473	0.515421								FGA	2041-04-01
2040-11-07	tropics	6	0.52774644	0.5708817	0.47596	0.5593093	0.49632743	0.5444294	0.51090205								FGA	2041-04-01
2040-11-08	tropics	6	0.52285767	0.5664894	0.47121704	0.5547298	0.4915104	0.53958505	0.5061829								FGA	2041-04-01
2040-11-09	tropics	6	0.5180921	0.56208557	0.4664692	0.55000746	0.48669106	0.5348536	0.5014427								FGA	2041-04-01
2040-11-10	tropics	6	0.51346755	0.5576708	0.4617258	0.54534334	0.481886	0.5302855	0.4968583								FGA	2041-04-01
2040-11-11	tropics	6	0.50866306	0.55324584	0.45698783	0.54066306	0.47725788	0.5255474	0.49242148								FGA	2041-04-01
2040-11-12	tropics	6	0.5038952	0.5487944	0.45225614	0.5360034	0.4727661	0.52090347	0.4877206								FGA	2041-04-01
2040-11-13	tropics	6	0.49940652	0.5443237	0.44753158	0.53133684	0.4682761	0.5161994	0.48291504								FGA	2041-04-01
2040-11-14	tropics	6	0.49461955	0.53974324	0.442815	0.52666384	0.46339506	0.51148105	0.47811216								FGA	2041-04-01
2040-11-15	tropics	6	0.4898073	0.53513086	0.43810728	0.5220158	0.4584315	0.50675946	0.47335684								FGA	2041-04-01
2040-11-16	tropics	6	0.48502028	0.5305708	0.4334094	0.5177148	0.45349652	0.50203526	0.46869963								FGA	2041-04-01
2040-11-17	tropics	6	0.48043197	0.5260657	0.42870638	0.5129568	0.4485872	0.4973758	0.46417376								FGA	2041-04-01
2040-11-18	tropics	6	0.47571045	0.52156204	0.42396596	0.5081428	0.44371766	0.4927321	0.45942307								FGA	2041-04-01
2040-11-19	tropics	6	0.47100934	0.5170537	0.4192286	0.50346535	0.4390015	0.48806825	0.4548179								FGA	2041-04-01
2040-11-20	tropics	6	0.46631375	0.51254165	0.41448617	0.49883017	0.4343118	0.4832994	0.45014948								FGA	2041-04-01
2040-11-21	tropics	6	0.4616692	0.50802654	0.4097351	0.4941942	0.4296329	0.47866306	0.44548273								FGA	2041-04-01
2040-11-22	tropics	6	0.4571502	0.50350916	0.40510535	0.48955828	0.42496568	0.47397938	0.44079065								FGA	2041-04-01
2040-11-23	tropics	6	0.45256054	0.49899012	0.40049368	0.48514083	0.4203109	0.46931365	0.4359938								FGA	2041-04-01
2040-11-24	tropics	6	0.44799986	0.4944704	0.395898	0.48043635	0.4156694	0.46466726	0.43116868								FGA	2041-04-01
2040-11-25	tropics	6	0.44334048	0.4898773	0.3913191	0.47583044	0.41104198	0.4599445	0.42653096								FGA	2041-04-01
2040-11-26	tropics	6	0.43861863	0.48517233	0.38675767	0.47165087	0.4064393	0.45523578	0.42174238								FGA	2041-04-01
2040-11-27	tropics	6	0.43375164	0.48046905	0.38221458	0.46696743	0.40186188	0.4507046	0.4169545								FGA	2041-04-01
2040-11-28	tropics	6	0.42912108	0.47576827	0.3776905	0.4622079	0.39747882	0.44599038	0.41226912								FGA	2041-04-01
2040-11-29	tropics	6	0.42450204	0.4710708	0.3731845	0.4574758	0.3929371	0.44115505	0.40763533								FGA	2041-04-01
2040-11-30	tropics	6	0.41980654	0.46637753	0.36869708	0.45275873	0.38828024	0.4365383	0.40304735								FGA	2041-04-01
2040-12-01	tropics	6	0.4151499	0.46165767	0.36423093	0.4480644	0.3837269	0.43179148	0.3983593								FGA	2041-04-01
2040-12-02	tropics	6	0.41062656	0.45685565	0.3597867	0.44335592	0.37937337	0.42728916	0.39381164								FGA	2041-04-01
2040-12-03	tropics	6	0.40598747	0.4523313	0.35536504	0.4389213	0.37500903	0.42284757	0.38932455								FGA	2041-04-01
2040-12-04	tropics	6	0.401482	0.44766673	0.35096657	0.43434772	0.3707297	0.4183675	0.38469157								FGA	2041-04-01
2040-12-05	tropics	6	0.39710176	0.44301546	0.346592	0.42967814	0.36637005	0.41394508	0.38024068								FGA	2041-04-01
2040-12-06	tropics	6	0.3927344	0.4383734	0.342242	0.42499495	0.36171356	0.40944624	0.37575832								FGA	2041-04-01
2040-12-07	tropics	6	0.38831693	0.43374133	0.33791706	0.42035055	0.35708174	0.40478462	0.3712204								FGA	2041-04-01
2040-12-08	tropics	6	0.38402286	0.4291201	0.33361787	0.4156644	0.35269466	0.40029684	0.36681223								FGA	2041-04-01
2040-12-09	tropics	6	0.37965453	0.4245105	0.32934493	0.41103366	0.34836954	0.3959752	0.3624882								FGA	2041-04-01
2040-12-10	tropics	6	0.3752488	0.42004132	0.32509884	0.40645468	0.34403378	0.391519	0.35824654								FGA	2041-04-01
2040-12-11	tropics	6	0.37102014	0.41567376	0.32088014	0.40193346	0.33974072	0.3872317	0.35383317								FGA	2041-04-01
2040-12-12	tropics	6	0.36666262	0.41131875	0.31668937	0.39767566	0.3354729	0.38288766	0.3493813								FGA	2041-04-01
2040-12-13	tropics	6	0.36233494	0.4069801	0.31252703	0.39330703	0.33123103	0.37844133	0.34495622								FGA	2041-04-01
2040-12-14	tropics	6	0.35786813	0.40266627	0.308517	0.38895145	0.32701555	0.37395906	0.34073022								FGA	2041-04-01
2040-12-15	tropics	6	0.3536365	0.39846298	0.3045576	0.38462684	0.3227833	0.3695557	0.33655083								FGA	2041-04-01
2040-12-16	tropics	6	0.34938604	0.39430407	0.30062607	0.3803249	0.3185497	0.3651938	0.33224								FGA	2041-04-01
2040-12-17	tropics	6	0.34524116	0.3901597	0.2967228	0.37604138	0.3143452	0.3608529	0.32787013								FGA	2041-04-01
2040-12-18	tropics	6	0.34091634	0.38603038	0.2928407	0.37176862	0.31017032	0.35653365	0.3235934								FGA	2041-04-01
2040-12-19	tropics	6	0.33659667	0.3819167	0.2889843	0.36750734	0.30605474	0.35223666	0.31955886								FGA	2041-04-01
2040-12-20	tropics	6	0.3323303	0.37781915	0.2851574	0.36326632	0.30200243	0.34808636	0.31556493								FGA	2041-04-01
2040-12-21	tropics	6	0.32816476	0.37373835	0.28136027	0.35902688	0.29798087	0.3440016	0.31149077								FGA	2041-04-01
2040-12-22	tropics	6	0.3240601	0.36964062	0.27759323	0.35477084	0.2939779	0.33993417	0.30753744								FGA	2041-04-01
2040-12-23	tropics	6	0.31984264	0.36543685	0.2738566	0.35052916	0.2900122	0.33601725	0.30363613								FGA	2041-04-01
2040-12-24	tropics	6	0.315867	0.36125943	0.270068	0.3461833	0.28607804	0.3321179	0.29956838								FGA	2041-04-01
2040-12-25	tropics	6	0.31188488	0.3572993	0.2663091	0.3419635	0.2821799	0.32809636	0.29560155								FGA	2041-04-01
2040-12-26	tropics	6	0.30780786	0.35343525	0.26258296	0.3379332	0.27828598	0.3239541	0.29142654								FGA	2041-04-01
2040-12-27	tropics	6	0.30382824	0.34959137	0.25888973	0.33388114	0.27419475	0.31975228	0.28758848								FGA	2041-04-01
2040-12-28	tropics	6	0.29986364	0.3456824	0.25522974	0.32974577	0.27043328	0.3155731	0.28365862								FGA	2041-04-01
2040-12-29	tropics	6	0.29583353	0.34145907	0.25160313	0.32594374	0.26668125	0.3114229	0.27967745								FGA	2041-04-01
2040-12-30	tropics	6	0.29183447	0.33724374	0.24801017	0.32209605	0.26296708	0.30730224	0.275878								FGA	2041-04-01
2040-12-31	tropics	6	0.2878667	0.33296803	0.24445102	0.31818008	0.25929934	0.30328956	0.27208015								FGA	2041-04-01
2041-01-01	tropics	6	0.2840374	0.32887962	0.24092586	0.31422982	0.25555676	0.29938278	0.2681844								FGA	2041-04-01
2041-01-02	tropics	6	0.2799644	0.3249602	0.2373729	0.3102421	0.2519721	0.29544058	0.26428846								FGA	2041-04-01
2041-01-03	tropics	6	0.2761604	0.32117572	0.233773	0.3060717	0.24822098	0.29154944	0.26048717								FGA	2041-04-01
2041-01-04	tropics	6	0.27242148	0.31741536	0.23021066	0.30181643	0.24442616	0.28767702	0.25665227								FGA	2041-04-01
2041-01-05	tropics	6	0.26877764	0.31367826	0.22668602	0.29789138	0.24096529	0.28394285	0.2530877								FGA	2041-04-01
2041-01-06	tropics	6	0.26503772	0.30996472	0.22319917	0.29418695	0.2375902	0.28023756	0.24960916								FGA	2041-04-01
2041-01-07	tropics	6	0.2612871	0.30627513	0.21974489	0.29026186	0.23425744	0.27655575	0.24612598								FGA	2041-04-01
2041-01-08	tropics	6	0.25765496	0.3026097	0.21632126	0.28645837	0.23065062	0.2729003	0.24264278								FGA	2041-04-01
2041-01-09	tropics	6	0.2540835	0.29896888	0.21293594	0.28280148	0.22697803	0.26935738	0.23913637								FGA	2041-04-01
2041-01-10	tropics	6	0.25052696	0.2953529	0.20958894	0.27913946	0.22361565	0.26575932	0.2356395								FGA	2041-04-01
2041-01-11	tropics	6	0.24694616	0.29176205	0.20628038	0.27540404	0.22002634	0.26217872	0.23211141								FGA	2041-04-01
2041-01-12	tropics	6	0.24344714	0.28819668	0.20308241	0.27168462	0.21649773	0.25859812	0.22864176								FGA	2041-04-01
2041-01-13	tropics	6	0.2400341	0.284657	0.19997032	0.2679968	0.21310432	0.25506687	0.22523898								FGA	2041-04-01
2041-01-14	tropics	6	0.23669997	0.28114334	0.19689356	0.26434067	0.2098465	0.25160798	0.22195634								FGA	2041-04-01
2041-01-15	tropics	6	0.23327063	0.27765587	0.19385204	0.2607165	0.20662507	0.24819368	0.21870376								FGA	2041-04-01
2041-01-16	tropics	6	0.22988278	0.2741895	0.19084574	0.25715876	0.20344013	0.24483065	0.21534075								FGA	2041-04-01
2041-01-17	tropics	6	0.22659265	0.27072108	0.18787463	0.25371215	0.20029156	0.2414591	0.21206474								FGA	2041-04-01
2041-01-18	tropics	6	0.22330828	0.26728	0.18493864	0.25030681	0.19712579	0.238119	0.2089383								FGA	2041-04-01
2041-01-19	tropics	6	0.22011322	0.2638666	0.18203771	0.24694385	0.19401008	0.23479693	0.20591195								FGA	2041-04-01
2041-01-20	tropics	6	0.21691361	0.26048094	0.17917176	0.2435853	0.19095829	0.23149104	0.20274687								FGA	2041-04-01
2041-01-21	tropics	6	0.2137287	0.2571233	0.17634067	0.24018411	0.1879427	0.22828734	0.1997604								FGA	2041-04-01
2041-01-22	tropics	6	0.2105327	0.2537938	0.17356023	0.23677407	0.18496324	0.22503927	0.19682395								FGA	2041-04-01
2041-01-23	tropics	6	0.20746775	0.25049266	0.1708433	0.23344827	0.18201983	0.22171244	0.19388981								FGA	2041-04-01
2041-01-24	tropics	6	0.20444919	0.24721995	0.16813551	0.23022836	0.17911242	0.2184646	0.19095257								FGA	2041-04-01
2041-01-25	tropics	6	0.2013489	0.24397583	0.16542654	0.2269924	0.17625633	0.21527465	0.18799944								FGA	2041-04-01
2041-01-26	tropics	6	0.19841975	0.2407604	0.16275246	0.22380988	0.17343636	0.21206017	0.18501362								FGA	2041-04-01
2041-01-27	tropics	6	0.1954421	0.23757382	0.16011305	0.22065331	0.17065161	0.20883256	0.18207164								FGA	2041-04-01
2041-01-28	tropics	6	0.19253066	0.23441616	0.15750661	0.21752357	0.16790195	0.20568486	0.17916588								FGA	2041-04-01
2041-01-29	tropics	6	0.18970057	0.23128752	0.1549263	0.2143731	0.16516489	0.20267841	0.1763158								FGA	2041-04-01
2041-01-30	tropics	6	0.18682536	0.22818798	0.15238038	0.21125561	0.16248359	0.1997275	0.17356256								FGA	2041-04-01
2041-01-31	tropics	6	0.18400171	0.22511758	0.14986867	0.20817111	0.15984601	0.19670258	0.17084317								FGA	2041-04-01
2041-02-01	tropics	6	0.18115497	0.22207642	0.14739089	0.20511967	0.15729249	0.19381945	0.16815752								FGA	2041-04-01
2041-02-02	tropics	6	0.17825627	0.21906453	0.1449985	0.20210119	0.15477206	0.19100592	0.16553795								FGA	2041-04-01
2041-02-03	tropics	6	0.17538296	0.21608193	0.14264403	0.19911566	0.15226533	0.18809304	0.16299438								FGA	2041-04-01
2041-02-04	tropics	6	0.17262034	0.213109	0.14029048	0.19616313	0.14975639	0.18520397	0.16048223								FGA	2041-04-01
2041-02-05	tropics	6	0.16989212	0.21014896	0.13796464	0.19327869	0.14728142	0.18241525	0.15800129								FGA	2041-04-01
2041-02-06	tropics	6	0.1671283	0.20718047	0.13559456	0.19053099	0.14484021	0.17964578	0.15550075								FGA	2041-04-01
2041-02-07	tropics	6	0.16442806	0.20415962	0.13324176	0.18758607	0.14243259	0.17690465	0.15298335								FGA	2041-04-01
2041-02-08	tropics	6	0.16180761	0.20117156	0.13095413	0.18480195	0.14005826	0.17423783	0.1504993								FGA	2041-04-01
2041-02-09	tropics	6	0.15920933	0.19821632	0.12869164	0.18205191	0.13764963	0.17155826	0.14804839								FGA	2041-04-01
2041-02-10	tropics	6	0.15659054	0.19530597	0.12654756	0.17920242	0.13526532	0.16887894	0.14563045								FGA	2041-04-01
2041-02-11	tropics	6	0.15403873	0.19242966	0.12445571	0.17653847	0.13291565	0.16623293	0.14326489								FGA	2041-04-01
2041-02-12	tropics	6	0.15154517	0.18958569	0.12239339	0.17396662	0.13063253	0.16364715	0.14093395								FGA	2041-04-01
2041-02-13	tropics	6	0.14908473	0.18677402	0.12031056	0.17130753	0.12847655	0.16119376	0.13863473								FGA	2041-04-01
2041-02-14	tropics	6	0.14665717	0.18398337	0.11825791	0.16873465	0.12623478	0.15862276	0.136367								FGA	2041-04-01
2041-02-15	tropics	6	0.14428797	0.18123396	0.1162105	0.1662894	0.12401979	0.15598772	0.13413048								FGA	2041-04-01
2041-02-16	tropics	6	0.14200377	0.17859668	0.114111446	0.16387254	0.121937394	0.15345195	0.131925								FGA	2041-04-01
2041-02-17	tropics	6	0.13966987	0.17598945	0.11208988	0.16148391	0.11983859	0.15106064	0.12975031								FGA	2041-04-01
2041-02-18	tropics	6	0.13741374	0.17341211	0.11007622	0.15912344	0.11777078	0.14869979	0.1276173								FGA	2041-04-01
2041-02-19	tropics	6	0.1351362	0.17086464	0.10804969	0.15679096	0.11573371	0.14633176	0.12546612								FGA	2041-04-01
2041-02-20	tropics	6	0.13289452	0.16834684	0.10605369	0.15447928	0.11372706	0.14396861	0.12332467								FGA	2041-04-01
2041-02-21	tropics	6	0.13073634	0.16585864	0.10409964	0.15212984	0.111750565	0.14162308	0.1212147								FGA	2041-04-01
2041-02-22	tropics	6	0.12856516	0.16339988	0.10219247	0.14979598	0.109803975	0.13928673	0.11913012								FGA	2041-04-01
2041-02-23	tropics	6	0.12641302	0.16097045	0.10031624	0.14748143	0.107886955	0.13698268	0.11707395								FGA	2041-04-01
2041-02-24	tropics	6	0.12434249	0.15857022	0.09847055	0.14519638	0.1059632	0.13471073	0.115084015								FGA	2041-04-01
2041-02-25	tropics	6	0.12230407	0.15620373	0.09670211	0.14294064	0.10400858	0.13247061	0.11309238								FGA	2041-04-01
2041-02-26	tropics	6	0.120288074	0.15386742	0.09496388	0.14071406	0.102085635	0.13030493	0.11111164								FGA	2041-04-01
2041-02-27	tropics	6	0.118256	0.1516198	0.09325057	0.13851646	0.10019401	0.12817258	0.109161295								FGA	2041-04-01
2041-02-28	tropics	6	0.11627024	0.14941639	0.09161259	0.13635346	0.098340444	0.12609133	0.10725941								FGA	2041-04-01
2041-03-01	tropics	6	0.1143181	0.14723931	0.090000555	0.1342167	0.0965389	0.12407195	0.10534896								FGA	2041-04-01
2041-03-02	tropics	6	0.11236879	0.14508845	0.08841388	0.13213186	0.09487679	0.12211436	0.10346381								FGA	2041-04-01
2041-03-03	tropics	6	0.110420465	0.1429636	0.08685227	0.13002214	0.09325433	0.12020095	0.10165036								FGA	2041-04-01
2041-03-04	tropics	6	0.10858593	0.14086537	0.08531542	0.12795201	0.09165661	0.11823968	0.09988795								FGA	2041-04-01
2041-03-05	tropics	6	0.10682386	0.13879415	0.083802916	0.12590857	0.08999606	0.11637886	0.09816645								FGA	2041-04-01
2041-03-06	tropics	6	0.10507735	0.13674846	0.08231402	0.12394131	0.08836305	0.11455314	0.096471265								FGA	2041-04-01
2041-03-07	tropics	6	0.10333881	0.13472806	0.08084906	0.12189759	0.0868256	0.112750925	0.09480218								FGA	2041-04-01
2041-03-08	tropics	6	0.101613976	0.13272756	0.079407714	0.11986932	0.08531419	0.110971846	0.093158856								FGA	2041-04-01
2041-03-09	tropics	6	0.09989149	0.13070597	0.07795242	0.11793516	0.083831996	0.1092173	0.09151012								FGA	2041-04-01
2041-03-10	tropics	6	0.098194376	0.12871051	0.07649761	0.11602808	0.08230519	0.10741831	0.08989071								FGA	2041-04-01
2041-03-11	tropics	6	0.096551694	0.12674169	0.07507847	0.11421515	0.080746956	0.105581954	0.08829786								FGA	2041-04-01
2041-03-12	tropics	6	0.09491509	0.12480078	0.07372535	0.11240138	0.079309724	0.10385689	0.08671858								FGA	2041-04-01
2041-03-13	tropics	6	0.093303084	0.12288536	0.072394624	0.110623136	0.07789595	0.102158695	0.08515939								FGA	2041-04-01
2041-03-14	tropics	6	0.0916947	0.120995216	0.071030624	0.108915396	0.07650528	0.10047083	0.08365091								FGA	2041-04-01
2041-03-15	tropics	6	0.09011495	0.11913017	0.06968292	0.107161224	0.07514029	0.09880039	0.08216669								FGA	2041-04-01
2041-03-16	tropics	6	0.08859664	0.117290005	0.068355136	0.10543041	0.07380622	0.09715456	0.08070643								FGA	2041-04-01
2041-03-17	tropics	6	0.0870976	0.115472145	0.0670508	0.10372427	0.072494075	0.09553063	0.079279065								FGA	2041-04-01
2041-03-18	tropics	6	0.08560547	0.1136478	0.06576959	0.10204257	0.07120343	0.09396722	0.07788794								FGA	2041-04-01
2041-03-19	tropics	6	0.08413647	0.11184873	0.064511165	0.10038509	0.069929905	0.0923971	0.0765308								FGA	2041-04-01
2041-03-20	tropics	6	0.08269032	0.11007475	0.06327516	0.098750785	0.06865086	0.090830095	0.07521158								FGA	2041-04-01
2041-03-21	tropics	6	0.08126676	0.10834983	0.06206127	0.097135186	0.067389205	0.089266196	0.07391325								FGA	2041-04-01
2041-03-22	tropics	6	0.0798655	0.10665173	0.06092884	0.09554325	0.066111475	0.08772649	0.07263553								FGA	2041-04-01
2041-03-23	tropics	6	0.078475185	0.10497722	0.05981889	0.093974695	0.06485628	0.08630528	0.07135695								FGA	2041-04-01
2041-03-24	tropics	6	0.07710208	0.10332668	0.058708806	0.09242931	0.063623294	0.08490438	0.07007418								FGA	2041-04-01
2041-03-25	tropics	6	0.075750865	0.10170199	0.057618055	0.090906784	0.062412195	0.083386905	0.0688127								FGA	2041-04-01
2041-03-26	tropics	6	0.07442315	0.10010012	0.056546338	0.089446306	0.061222658	0.081889115	0.067572236								FGA	2041-04-01
2041-03-27	tropics	6	0.0731387	0.09852085	0.055493377	0.08800914	0.06007473	0.080478586	0.0663525								FGA	2041-04-01
2041-03-28	tropics	6	0.071856424	0.096994825	0.05445888	0.08659261	0.058977377	0.07909014	0.06515318								FGA	2041-04-01
2041-03-29	tropics	6	0.0706295	0.09550563	0.053442553	0.085196465	0.057902027	0.077723496	0.06397403								FGA	2041-04-01
2041-03-30	tropics	6	0.06941928	0.094037056	0.052440334	0.083820485	0.056849338	0.07639578	0.0628185								FGA	2041-04-01
2041-03-31	tropics	6	0.0682126	0.09256973	0.05144952	0.08246444	0.05581448	0.07507897	0.061685525								FGA	2041-04-01
2040-04-01	tropics	13	0.01280965	0.018176306	0.008522842	0.016167838	0.009928549	0.014576854	0.011318155								FGA	2041-04-01
2040-04-02	tropics	13	0.012827862	0.018200617	0.008535479	0.016189888	0.0099433595	0.014597648	0.01133422								FGA	2041-04-01
2040-04-03	tropics	13	0.013117497	0.018585593	0.008737198	0.016539752	0.010173557	0.014926702	0.011589405								FGA	2041-04-01
2040-04-04	tropics	13	0.013529155	0.019117383	0.009023398	0.017032847	0.010494705	0.0153865125	0.01194511								FGA	2041-04-01
2040-04-05	tropics	13	0.013755202	0.01941228	0.009182737	0.017306723	0.010673761	0.015647825	0.012144949								FGA	2041-04-01
2040-04-06	tropics	13	0.013961384	0.019680457	0.009327763	0.017555544	0.010835781	0.015882436	0.012326453								FGA	2041-04-01
2040-04-07	tropics	13	0.014245259	0.020044977	0.009528231	0.01789885	0.011059664	0.01620599	0.012584083								FGA	2041-04-01
2040-04-08	tropics	13	0.014547095	0.020425553	0.0097413715	0.018262247	0.011298056	0.01654134	0.012856861								FGA	2041-04-01
2040-04-09	tropics	13	0.014823612	0.020773416	0.009936838	0.018590052	0.011516541	0.016835595	0.013096454								FGA	2041-04-01
2040-04-10	tropics	13	0.0150931645	0.02112049	0.010132566	0.018912373	0.011734924	0.017129242	0.013338832								FGA	2041-04-01
2040-04-11	tropics	13	0.0153753925	0.021488616	0.010341396	0.019256046	0.011967778	0.017446067	0.013598942								FGA	2041-04-01
2040-04-12	tropics	13	0.01566512	0.021861333	0.010556093	0.019606328	0.012207289	0.017776143	0.013874223								FGA	2041-04-01
2040-04-13	tropics	13	0.01595661	0.022233598	0.010771292	0.01995896	0.0124473525	0.018110154	0.014140413								FGA	2041-04-01
2040-04-14	tropics	13	0.01625633	0.022612326	0.010990129	0.020316422	0.012691229	0.01845476	0.014407347								FGA	2041-04-01
2040-04-15	tropics	13	0.016563825	0.023004556	0.011214995	0.020682812	0.012941658	0.018797155	0.014681248								FGA	2041-04-01
2040-04-16	tropics	13	0.016877485	0.023403905	0.011444713	0.021056263	0.01319734	0.019153286	0.014960697								FGA	2041-04-01
2040-04-17	tropics	13	0.017196044	0.023808818	0.011678392	0.021435186	0.013457244	0.019511294	0.015246812								FGA	2041-04-01
2040-04-18	tropics	13	0.017524026	0.024220355	0.011916654	0.021820514	0.013722046	0.019875694	0.015538572								FGA	2041-04-01
2040-04-19	tropics	13	0.017857742	0.024639316	0.012159896	0.02221287	0.013992316	0.020247215	0.015842838								FGA	2041-04-01
2040-04-20	tropics	13	0.018195085	0.025065418	0.012407434	0.02261107	0.0142679075	0.0206244	0.016151015								FGA	2041-04-01
2040-04-21	tropics	13	0.018537343	0.025498478	0.01265983	0.023016043	0.014548719	0.021006655	0.016461398								FGA	2041-04-01
2040-04-22	tropics	13	0.018881112	0.025938781	0.012917271	0.023428047	0.014834952	0.021389136	0.016781196								FGA	2041-04-01
2040-04-23	tropics	13	0.019231213	0.026386563	0.013179937	0.023847325	0.0151267955	0.021776764	0.017107174								FGA	2041-04-01
2040-04-24	tropics	13	0.01958771	0.026841868	0.013447885	0.02427394	0.015424312	0.0221713	0.0174394								FGA	2041-04-01
2040-04-25	tropics	13	0.0199574	0.027304767	0.013721192	0.024707954	0.015734475	0.022572802	0.01777996								FGA	2041-04-01
2040-04-26	tropics	13	0.020331051	0.027775405	0.013999977	0.025149528	0.016054401	0.022981422	0.018127348								FGA	2041-04-01
2040-04-27	tropics	13	0.020711577	0.028254954	0.014284361	0.0255988	0.016384859	0.023399109	0.018481422								FGA	2041-04-01
2040-04-28	tropics	13	0.021097243	0.02874463	0.014574447	0.02606672	0.016726084	0.023845455	0.018842293								FGA	2041-04-01
2040-04-29	tropics	13	0.021485662	0.029242514	0.014879068	0.026546368	0.017074296	0.024296798	0.019211866								FGA	2041-04-01
2040-04-30	tropics	13	0.021881077	0.029756978	0.01519102	0.027034601	0.017422896	0.024746882	0.019581858								FGA	2041-04-01
2040-05-01	tropics	13	0.022293651	0.03029334	0.015498705	0.02753012	0.017765785	0.025205102	0.01997101								FGA	2041-04-01
2040-05-02	tropics	13	0.022711884	0.030839957	0.015812526	0.028033825	0.018115314	0.025671598	0.02035752								FGA	2041-04-01
2040-05-03	tropics	13	0.023137651	0.031398613	0.016132593	0.028542913	0.01847709	0.02613587	0.020753635								FGA	2041-04-01
2040-05-04	tropics	13	0.023575053	0.03196709	0.01645903	0.029033404	0.018850122	0.026606409	0.02115868								FGA	2041-04-01
2040-05-05	tropics	13	0.024026908	0.032545537	0.016791955	0.029532073	0.01923125	0.0270852	0.021567242								FGA	2041-04-01
2040-05-06	tropics	13	0.024480347	0.033134125	0.0171315	0.030039037	0.019621415	0.02757237	0.021974849								FGA	2041-04-01
2040-05-07	tropics	13	0.024939284	0.03373313	0.01747682	0.030552365	0.020017767	0.02805734	0.022401648								FGA	2041-04-01
2040-05-08	tropics	13	0.025371132	0.03426513	0.017814545	0.031081423	0.020398537	0.028530512	0.022822894								FGA	2041-04-01
2040-05-09	tropics	13	0.025802534	0.034772873	0.018154198	0.03161308	0.020786291	0.029031543	0.023240345								FGA	2041-04-01
2040-05-10	tropics	13	0.026270052	0.035332426	0.01850959	0.032170434	0.021192797	0.02955772	0.023682415								FGA	2041-04-01
2040-05-11	tropics	13	0.026747178	0.035902936	0.01885477	0.032737568	0.021607552	0.03008435	0.024135554								FGA	2041-04-01
2040-05-12	tropics	13	0.027221933	0.03646582	0.019195884	0.033293203	0.022025857	0.030601839	0.02458687								FGA	2041-04-01
2040-05-13	tropics	13	0.027700368	0.037037183	0.019542988	0.03388467	0.022451969	0.031128233	0.02503432								FGA	2041-04-01
2040-05-14	tropics	13	0.028191615	0.037624527	0.019910816	0.034487665	0.02288797	0.031669565	0.02549167								FGA	2041-04-01
2040-05-15	tropics	13	0.02869144	0.03822248	0.020295786	0.035100967	0.023332274	0.032203723	0.025957214								FGA	2041-04-01
2040-05-16	tropics	13	0.029197741	0.03885125	0.020687416	0.035705306	0.023784282	0.03275773	0.026430314								FGA	2041-04-01
2040-05-17	tropics	13	0.029701037	0.03950628	0.021086564	0.036265925	0.024245713	0.03333078	0.026893714								FGA	2041-04-01
2040-05-18	tropics	13	0.030231569	0.040181562	0.0214981	0.03684679	0.024716249	0.033902053	0.027391534								FGA	2041-04-01
2040-05-19	tropics	13	0.030773452	0.04086802	0.02192491	0.03747778	0.025181156	0.034466136	0.02790152								FGA	2041-04-01
2040-05-20	tropics	13	0.03131932	0.041565605	0.022359991	0.038119037	0.025650235	0.035032008	0.028415289								FGA	2041-04-01
2040-05-21	tropics	13	0.031884395	0.042276215	0.022804907	0.038760126	0.026127767	0.035656877	0.028940756								FGA	2041-04-01
2040-05-22	tropics	13	0.03247656	0.04302049	0.023277214	0.03945448	0.026613139	0.03629098	0.02949833								FGA	2041-04-01
2040-05-23	tropics	13	0.03308635	0.04378287	0.023763783	0.04016142	0.027107067	0.03699325	0.030066548								FGA	2041-04-01
2040-05-24	tropics	13	0.03370066	0.04454391	0.024248041	0.04086458	0.02761042	0.037666786	0.030631201								FGA	2041-04-01
2040-05-25	tropics	13	0.034318447	0.04531713	0.02474149	0.04157723	0.028122865	0.03834044	0.031208402								FGA	2041-04-01
2040-05-26	tropics	13	0.034945674	0.046108823	0.025248758	0.04230222	0.028649764	0.03901965	0.031810544								FGA	2041-04-01
2040-05-27	tropics	13	0.03557359	0.046913885	0.02576598	0.04302918	0.029208686	0.039729606	0.032424383								FGA	2041-04-01
2040-05-28	tropics	13	0.036228135	0.047730092	0.02629166	0.043797944	0.02977703	0.040439676	0.033038497								FGA	2041-04-01
2040-05-29	tropics	13	0.036899604	0.048559867	0.026827771	0.0445668	0.03035611	0.041173123	0.033644862								FGA	2041-04-01
2040-05-30	tropics	13	0.037584912	0.049404345	0.027375262	0.045344885	0.030946543	0.041904993	0.034287956								FGA	2041-04-01
2040-05-31	tropics	13	0.03828384	0.05026281	0.027933598	0.046135895	0.03154807	0.042641416	0.034939103								FGA	2041-04-01
2040-06-01	tropics	13	0.03899662	0.05112681	0.028502678	0.046937507	0.032163013	0.04338985	0.03559587								FGA	2041-04-01
2040-06-02	tropics	13	0.03972219	0.051966693	0.02908302	0.047751952	0.032790195	0.044178393	0.03625506								FGA	2041-04-01
2040-06-03	tropics	13	0.040461056	0.052819796	0.029681033	0.0485776	0.033432797	0.0449507	0.03693405								FGA	2041-04-01
2040-06-04	tropics	13	0.04121429	0.053687595	0.030299503	0.049406625	0.034087878	0.045736983	0.03763786								FGA	2041-04-01
2040-06-05	tropics	13	0.041988045	0.054589655	0.030936765	0.050285466	0.034760352	0.046551023	0.03833953								FGA	2041-04-01
2040-06-06	tropics	13	0.042766392	0.05551122	0.03158856	0.05119281	0.03544684	0.047382426	0.039066754								FGA	2041-04-01
2040-06-07	tropics	13	0.043553483	0.05643387	0.0322495	0.052099425	0.036143046	0.048238173	0.039784145								FGA	2041-04-01
2040-06-08	tropics	13	0.044370033	0.0573704	0.03292367	0.05302136	0.036832307	0.049117625	0.04051691								FGA	2041-04-01
2040-06-09	tropics	13	0.04519113	0.05832675	0.03361308	0.05396176	0.03755835	0.050023105	0.041274894								FGA	2041-04-01
2040-06-10	tropics	13	0.046026766	0.059298147	0.034316428	0.05491795	0.0382978	0.050938286	0.042056378								FGA	2041-04-01
2040-06-11	tropics	13	0.046876743	0.06028251	0.035026602	0.055888794	0.03903087	0.051825374	0.04285092								FGA	2041-04-01
2040-06-12	tropics	13	0.047767095	0.06128212	0.035742573	0.056874637	0.039777365	0.05271755	0.043667648								FGA	2041-04-01
2040-06-13	tropics	13	0.04867031	0.062298063	0.03647305	0.057882205	0.04051678	0.053642936	0.04449785								FGA	2041-04-01
2040-06-14	tropics	13	0.049586505	0.06332966	0.03721788	0.058905005	0.041268144	0.05458933	0.04531465								FGA	2041-04-01
2040-06-15	tropics	13	0.050522268	0.06437679	0.03797716	0.059945524	0.042032734	0.05555399	0.046169512								FGA	2041-04-01
2040-06-16	tropics	13	0.051474743	0.06544001	0.03875019	0.061003257	0.042810835	0.056546826	0.047040477								FGA	2041-04-01
2040-06-17	tropics	13	0.052444242	0.06651964	0.03953747	0.062078543	0.043602716	0.05755642	0.047927096								FGA	2041-04-01
2040-06-18	tropics	13	0.05343098	0.06761577	0.040340077	0.06316527	0.04440854	0.058587924	0.048807293								FGA	2041-04-01
2040-06-19	tropics	13	0.05442576	0.06872855	0.041147646	0.06428238	0.045228526	0.05965613	0.04970061								FGA	2041-04-01
2040-06-20	tropics	13	0.05543205	0.06985823	0.04195354	0.06541087	0.046071436	0.060756594	0.05061079								FGA	2041-04-01
2040-06-21	tropics	13	0.05646865	0.07100507	0.042774547	0.066544205	0.04694081	0.06187603	0.051536724								FGA	2041-04-01
2040-06-22	tropics	13	0.057515807	0.07216924	0.043610886	0.06767928	0.047849543	0.06298583	0.052475266								FGA	2041-04-01
2040-06-23	tropics	13	0.058588218	0.073350936	0.044462826	0.06883268	0.04877496	0.06408049	0.053425714								FGA	2041-04-01
2040-06-24	tropics	13	0.05968737	0.074560955	0.045330632	0.070073634	0.04972019	0.06519285	0.05442492								FGA	2041-04-01
2040-06-25	tropics	13	0.060781233	0.07581187	0.046214566	0.07131356	0.050684948	0.066373765	0.055444147								FGA	2041-04-01
2040-06-26	tropics	13	0.061880425	0.0770973	0.047114883	0.0725305	0.051667407	0.06758898	0.056481324								FGA	2041-04-01
2040-06-27	tropics	13	0.063000545	0.07840265	0.048031878	0.07381392	0.052667834	0.06881644	0.057567462								FGA	2041-04-01
2040-06-28	tropics	13	0.06413465	0.07972817	0.04896549	0.0750954	0.05368653	0.07003179	0.05866688								FGA	2041-04-01
2040-06-29	tropics	13	0.0652899	0.08107411	0.049915724	0.076424845	0.054723777	0.07126692	0.059734084								FGA	2041-04-01
2040-06-30	tropics	13	0.06646024	0.08244072	0.050883412	0.0777321	0.05578095	0.072522104	0.060838826								FGA	2041-04-01
2040-07-01	tropics	13	0.06766464	0.08382825	0.051868852	0.079060465	0.05686947	0.07382828	0.061961036								FGA	2041-04-01
2040-07-02	tropics	13	0.06887401	0.085236914	0.052872322	0.08044163	0.057946015	0.07516321	0.063096665								FGA	2041-04-01
2040-07-03	tropics	13	0.070075974	0.08666701	0.05389411	0.081852645	0.05905611	0.07649957	0.064267255								FGA	2041-04-01
2040-07-04	tropics	13	0.07130356	0.08811878	0.054934498	0.08326897	0.060186084	0.077856526	0.06545803								FGA	2041-04-01
2040-07-05	tropics	13	0.07255097	0.08959243	0.0559938	0.08470128	0.061318234	0.07916472	0.066688776								FGA	2041-04-01
2040-07-06	tropics	13	0.07381843	0.09108825	0.057072297	0.08615388	0.062463515	0.08049196	0.06790253								FGA	2041-04-01
2040-07-07	tropics	13	0.07514439	0.092606485	0.05817029	0.0876193	0.06362874	0.08185693	0.06915645								FGA	2041-04-01
2040-07-08	tropics	13	0.076530114	0.094147384	0.059288096	0.08906436	0.0648144	0.08330563	0.07043177								FGA	2041-04-01
2040-07-09	tropics	13	0.07793048	0.0957112	0.06042599	0.090583295	0.066035606	0.08477761	0.07172089								FGA	2041-04-01
2040-07-10	tropics	13	0.079276666	0.09729819	0.061584305	0.09212545	0.06732869	0.08627317	0.07299211								FGA	2041-04-01
2040-07-11	tropics	13	0.08066007	0.09890857	0.06276335	0.093691505	0.06864526	0.087762766	0.07428422								FGA	2041-04-01
2040-07-12	tropics	13	0.08207224	0.10055736	0.06400621	0.09529642	0.06998537	0.08930666	0.07560016								FGA	2041-04-01
2040-07-13	tropics	13	0.08350551	0.10230811	0.06527847	0.09692189	0.071310855	0.09081082	0.07698032								FGA	2041-04-01
2040-07-14	tropics	13	0.08498485	0.10408585	0.066574216	0.09859001	0.07263348	0.092330486	0.07831767								FGA	2041-04-01
2040-07-15	tropics	13	0.086464636	0.10589085	0.06789381	0.10024869	0.07397834	0.09394291	0.07971797								FGA	2041-04-01
2040-07-16	tropics	13	0.08796984	0.10772339	0.06923587	0.101910226	0.07535925	0.095619634	0.08120116								FGA	2041-04-01
2040-07-17	tropics	13	0.089542195	0.10958401	0.07060035	0.10359612	0.07682595	0.097317405	0.082744926								FGA	2041-04-01
2040-07-18	tropics	13	0.09113423	0.11133606	0.07198965	0.1053313	0.078302965	0.09903693	0.08425102								FGA	2041-04-01
2040-07-19	tropics	13	0.09273343	0.113080844	0.073404126	0.107094534	0.07976908	0.100761406	0.08578991								FGA	2041-04-01
2040-07-20	tropics	13	0.09433564	0.11484946	0.07484413	0.10888364	0.0812602	0.102420926	0.0873542								FGA	2041-04-01
2040-07-21	tropics	13	0.09595151	0.11663129	0.07631005	0.11069888	0.082776666	0.1041028	0.0889442								FGA	2041-04-01
2040-07-22	tropics	13	0.097609654	0.118507	0.07780228	0.112532556	0.08428329	0.10580902	0.09053217								FGA	2041-04-01
2040-07-23	tropics	13	0.09930764	0.120413736	0.079321146	0.1143485	0.08578377	0.107539825	0.09205974								FGA	2041-04-01
2040-07-24	tropics	13	0.10102662	0.122346886	0.08086706	0.116153024	0.08730838	0.10934499	0.0935966								FGA	2041-04-01
2040-07-25	tropics	13	0.10280666	0.12430944	0.08241062	0.118058376	0.08885739	0.11121354	0.09520626								FGA	2041-04-01
2040-07-26	tropics	13	0.10462347	0.12633914	0.083936036	0.12005615	0.09044874	0.11315246	0.096890464								FGA	2041-04-01
2040-07-27	tropics	13	0.10641165	0.12840457	0.08548704	0.12208729	0.092120506	0.115063384	0.09863697								FGA	2041-04-01
2040-07-28	tropics	13	0.108192205	0.13053961	0.08706394	0.12414319	0.09383235	0.11693109	0.10041755								FGA	2041-04-01
2040-07-29	tropics	13	0.110042915	0.13272493	0.08866706	0.12618186	0.09557267	0.118903145	0.10220337								FGA	2041-04-01
2040-07-30	tropics	13	0.1119661	0.13494112	0.09029673	0.12824906	0.097341746	0.120875485	0.10402094								FGA	2041-04-01
2040-07-31	tropics	13	0.11391343	0.13714358	0.0919533	0.13034377	0.09915664	0.122909	0.105859786								FGA	2041-04-01
2040-08-01	tropics	13	0.11582863	0.13935253	0.09363709	0.13246289	0.10098535	0.12494388	0.10775379								FGA	2041-04-01
2040-08-02	tropics	13	0.11782251	0.14159115	0.09534842	0.13461106	0.10281396	0.12700748	0.10966693								FGA	2041-04-01
2040-08-03	tropics	13	0.119800925	0.14385967	0.09708762	0.13678853	0.104692355	0.12910007	0.111565545								FGA	2041-04-01
2040-08-04	tropics	13	0.121819824	0.14615826	0.09885502	0.1390541	0.10653811	0.13121176	0.11349183								FGA	2041-04-01
2040-08-05	tropics	13	0.12388891	0.14848714	0.10065095	0.14141145	0.10841241	0.13333458	0.11544846								FGA	2041-04-01
2040-08-06	tropics	13	0.1259911	0.1508465	0.10247411	0.14366601	0.110306464	0.13548629	0.11737089								FGA	2041-04-01
2040-08-07	tropics	13	0.12811317	0.15323652	0.1043239	0.14600039	0.11222581	0.13777052	0.119342394								FGA	2041-04-01
2040-08-08	tropics	13	0.13027094	0.1556574	0.10620307	0.14840719	0.11417424	0.14009514	0.121383086								FGA	2041-04-01
2040-08-09	tropics	13	0.13242316	0.15810926	0.108111955	0.15071145	0.11615206	0.14239682	0.12346473								FGA	2041-04-01
2040-08-10	tropics	13	0.13460535	0.16059235	0.11005084	0.15311329	0.11815957	0.14472723	0.12558348								FGA	2041-04-01
2040-08-11	tropics	13	0.13682774	0.16310675	0.11202006	0.15553838	0.12019704	0.1471027	0.12775853								FGA	2041-04-01
2040-08-12	tropics	13	0.13908803	0.16565272	0.11409105	0.15800592	0.12227378	0.14953178	0.1299873								FGA	2041-04-01
2040-08-13	tropics	13	0.14137954	0.16823032	0.11621752	0.16047767	0.12437444	0.1519632	0.13221309								FGA	2041-04-01
2040-08-14	tropics	13	0.1437025	0.17083971	0.11837821	0.16301309	0.12644272	0.15429312	0.13449398								FGA	2041-04-01
2040-08-15	tropics	13	0.14607829	0.17348103	0.12054222	0.16555744	0.1284542	0.15675914	0.13677701								FGA	2041-04-01
2040-08-16	tropics	13	0.14851162	0.17615445	0.122726366	0.16809565	0.1305013	0.15925194	0.13902278								FGA	2041-04-01
2040-08-17	tropics	13	0.15097216	0.17886196	0.12493811	0.17046203	0.13284752	0.16170202	0.14129928								FGA	2041-04-01
2040-08-18	tropics	13	0.1534611	0.18160176	0.12714018	0.1730964	0.13523501	0.1641509	0.14359882								FGA	2041-04-01
2040-08-19	tropics	13	0.15593603	0.18437405	0.12940012	0.17575537	0.1376345	0.1666294	0.14592534								FGA	2041-04-01
2040-08-20	tropics	13	0.15845491	0.1871788	0.1317373	0.17843588	0.13997112	0.16913776	0.14834471								FGA	2041-04-01
2040-08-21	tropics	13	0.16107398	0.19001622	0.13409111	0.18117522	0.14233312	0.17181635	0.15081452								FGA	2041-04-01
2040-08-22	tropics	13	0.1638073	0.1928863	0.13646258	0.18396105	0.14472555	0.17453745	0.15333211								FGA	2041-04-01
2040-08-23	tropics	13	0.16648403	0.19578914	0.1388693	0.18678409	0.1472402	0.17726599	0.15587926								FGA	2041-04-01
2040-08-24	tropics	13	0.16910285	0.19872478	0.14130838	0.18964028	0.14974207	0.1800034	0.15843956								FGA	2041-04-01
2040-08-25	tropics	13	0.17180943	0.20169327	0.14378017	0.19252968	0.15220052	0.18283997	0.16099407								FGA	2041-04-01
2040-08-26	tropics	13	0.17451304	0.20469464	0.14625986	0.19536139	0.1548047	0.18571867	0.16360785								FGA	2041-04-01
2040-08-27	tropics	13	0.17726627	0.20775707	0.148706	0.198289	0.15737233	0.18863213	0.1662845								FGA	2041-04-01
2040-08-28	tropics	13	0.18008693	0.21081464	0.15118574	0.20125695	0.15998162	0.19153485	0.16900094								FGA	2041-04-01
2040-08-29	tropics	13	0.18287253	0.21391672	0.15369928	0.2042579	0.16262934	0.1943573	0.17179252								FGA	2041-04-01
2040-08-30	tropics	13	0.18583742	0.2170292	0.15624388	0.20736709	0.16533121	0.19723563	0.17461468								FGA	2041-04-01
2040-08-31	tropics	13	0.18883568	0.22019763	0.15891145	0.21043794	0.16811548	0.20022082	0.17742915								FGA	2041-04-01
2040-09-01	tropics	13	0.19173925	0.22333883	0.16161573	0.21347335	0.17091122	0.20329735	0.1802885								FGA	2041-04-01
2040-09-02	tropics	13	0.1947296	0.22650677	0.16435692	0.21667114	0.17361549	0.20642492	0.18313652								FGA	2041-04-01
2040-09-03	tropics	13	0.19783202	0.22972143	0.16713524	0.2199295	0.17641	0.20954297	0.18593648								FGA	2041-04-01
2040-09-04	tropics	13	0.20088474	0.23307881	0.16997299	0.22309725	0.1792963	0.21270402	0.18878898								FGA	2041-04-01
2040-09-05	tropics	13	0.20400278	0.23647116	0.17291363	0.2262473	0.18228081	0.21587157	0.19189234								FGA	2041-04-01
2040-09-06	tropics	13	0.20712376	0.23987842	0.17590015	0.22945549	0.18531938	0.21903703	0.19506353								FGA	2041-04-01
2040-09-07	tropics	13	0.21028873	0.24327293	0.1789827	0.23275355	0.18838955	0.22218561	0.19812807								FGA	2041-04-01
2040-09-08	tropics	13	0.21349005	0.24669968	0.18210253	0.23608442	0.19134028	0.22530697	0.20107478								FGA	2041-04-01
2040-09-09	tropics	13	0.21668687	0.25018746	0.18507631	0.23944803	0.19431908	0.22860947	0.20399971								FGA	2041-04-01
2040-09-10	tropics	13	0.21990411	0.2537746	0.18821777	0.24301429	0.19734894	0.23205134	0.2071397								FGA	2041-04-01
2040-09-11	tropics	13	0.22315532	0.25739542	0.19134422	0.24663448	0.20038718	0.23529351	0.21037103								FGA	2041-04-01
2040-09-12	tropics	13	0.22653669	0.26104966	0.19448116	0.2501988	0.20340222	0.23852748	0.21365483								FGA	2041-04-01
2040-09-13	tropics	13	0.22998632	0.26473716	0.19765688	0.25374576	0.20656043	0.2420583	0.21697573								FGA	2041-04-01
2040-09-14	tropics	13	0.23341396	0.26845768	0.2008714	0.25729367	0.20977928	0.2456138	0.22010607								FGA	2041-04-01
2040-09-15	tropics	13	0.23681146	0.272211	0.2040105	0.2608893	0.21298243	0.24909313	0.22339034								FGA	2041-04-01
2040-09-16	tropics	13	0.24021402	0.2759968	0.20709282	0.26451778	0.21622135	0.25259694	0.22673659								FGA	2041-04-01
2040-09-17	tropics	13	0.24355148	0.27982238	0.21019867	0.26817408	0.21948037	0.25608823	0.23013526								FGA	2041-04-01
2040-09-18	tropics	13	0.24699977	0.2836809	0.21349998	0.2719604	0.22284727	0.259635	0.233549								FGA	2041-04-01
2040-09-19	tropics	13	0.25054768	0.28757122	0.21689953	0.27583554	0.22627227	0.26319847	0.23680282								FGA	2041-04-01
2040-09-20	tropics	13	0.2541476	0.2915442	0.22033796	0.2795835	0.22975355	0.26690733	0.24038199								FGA	2041-04-01
2040-09-21	tropics	13	0.25778753	0.2955598	0.22381523	0.28339723	0.23326474	0.27059585	0.2440154								FGA	2041-04-01
2040-09-22	tropics	13	0.2614625	0.29960716	0.2273313	0.28720075	0.23680148	0.27439374	0.24768578								FGA	2041-04-01
2040-09-23	tropics	13	0.26525944	0.3036858	0.23088607	0.29105493	0.24031122	0.27820355	0.25129542								FGA	2041-04-01
2040-09-24	tropics	13	0.26900852	0.30779532	0.23439577	0.2949318	0.24380708	0.28195462	0.2550587								FGA	2041-04-01
2040-09-25	tropics	13	0.27283835	0.31193525	0.23784205	0.29883295	0.24739009	0.28577453	0.25882524								FGA	2041-04-01
2040-09-26	tropics	13	0.27670187	0.3161052	0.24132293	0.30276304	0.25107574	0.2896579	0.26261637								FGA	2041-04-01
2040-09-27	tropics	13	0.28059876	0.3203047	0.24483825	0.30672202	0.25473854	0.29353055	0.266326								FGA	2041-04-01
2040-09-28	tropics	13	0.28448167	0.32453325	0.2483879	0.3107213	0.2585557	0.29741472	0.2700548								FGA	2041-04-01
2040-09-29	tropics	13	0.2883932	0.3287903	0.25197166	0.31484756	0.26225835	0.30139405	0.27381608								FGA	2041-04-01
2040-09-30	tropics	13	0.29235563	0.33307543	0.2555866	0.31883526	0.26607442	0.3054855	0.27760968								FGA	2041-04-01
2040-10-01	tropics	13	0.29625392	0.3373881	0.25911164	0.3229507	0.2698796	0.30961668	0.28148302								FGA	2041-04-01
2040-10-02	tropics	13	0.30027437	0.34161758	0.26273093	0.32708326	0.27362305	0.31376344	0.28547314								FGA	2041-04-01
2040-10-03	tropics	13	0.30429935	0.345794	0.26638255	0.33120912	0.2773985	0.31797725	0.28927943								FGA	2041-04-01
2040-10-04	tropics	13	0.30835426	0.34999374	0.27006626	0.33533892	0.28135976	0.32206154	0.2932772								FGA	2041-04-01
2040-10-05	tropics	13	0.31243867	0.35421625	0.27378044	0.33945683	0.28544587	0.3262779	0.29712832								FGA	2041-04-01
2040-10-06	tropics	13	0.31658968	0.35847682	0.27750736	0.34357587	0.2892944	0.33038604	0.30093592								FGA	2041-04-01
2040-10-07	tropics	13	0.32081103	0.36275935	0.28126526	0.3477983	0.29317334	0.3345462	0.30489105								FGA	2041-04-01
2040-10-08	tropics	13	0.32500345	0.36717364	0.28505385	0.35205218	0.29708228	0.3389316	0.30891946								FGA	2041-04-01
2040-10-09	tropics	13	0.32918376	0.37170047	0.28887287	0.35633785	0.30103254	0.34326673	0.3130819								FGA	2041-04-01
2040-10-10	tropics	13	0.33325744	0.37624955	0.29285318	0.36067647	0.3051095	0.34766486	0.3170532								FGA	2041-04-01
2040-10-11	tropics	13	0.33743447	0.38082016	0.29698002	0.3649622	0.3094128	0.3519845	0.32119557								FGA	2041-04-01
2040-10-12	tropics	13	0.34169155	0.38541156	0.30114007	0.36932355	0.3137589	0.35623857	0.32555497								FGA	2041-04-01
2040-10-13	tropics	13	0.34600812	0.39002308	0.30533287	0.37370196	0.31790578	0.36064512	0.32964805								FGA	2041-04-01
2040-10-14	tropics	13	0.35029158	0.39465398	0.30955797	0.37814304	0.3220645	0.36512986	0.3340399								FGA	2041-04-01
2040-10-15	tropics	13	0.3546058	0.3993035	0.31381497	0.38270506	0.32625124	0.36948296	0.33851385								FGA	2041-04-01
2040-10-16	tropics	13	0.35898906	0.40397483	0.31810325	0.3872876	0.33043972	0.37400043	0.3429109								FGA	2041-04-01
2040-10-17	tropics	13	0.36355573	0.40866452	0.32242242	0.39188996	0.3347069	0.37866622	0.34719673								FGA	2041-04-01
2040-10-18	tropics	13	0.36776572	0.4132226	0.3267719	0.39651147	0.33890143	0.38322344	0.351443								FGA	2041-04-01
2040-10-19	tropics	13	0.3723023	0.41776958	0.33115116	0.40115133	0.34311262	0.38780403	0.35561654								FGA	2041-04-01
2040-10-20	tropics	13	0.37668625	0.42248982	0.33555964	0.40580884	0.3475207	0.39242622	0.35973933								FGA	2041-04-01
2040-10-21	tropics	13	0.38099638	0.42723805	0.3399967	0.41048315	0.35193193	0.3970949	0.36433503								FGA	2041-04-01
2040-10-22	tropics	13	0.38541457	0.43201688	0.34446183	0.41517362	0.35630032	0.40184468	0.36882773								FGA	2041-04-01
2040-10-23	tropics	13	0.38990813	0.43673587	0.3489505	0.4198793	0.36068583	0.40631938	0.37334856								FGA	2041-04-01
2040-10-24	tropics	13	0.39440185	0.44151092	0.35330942	0.42458108	0.36478066	0.4107515	0.37783605								FGA	2041-04-01
2040-10-25	tropics	13	0.39903468	0.44629648	0.35769272	0.4294308	0.36889505	0.41527063	0.38262528								FGA	2041-04-01
2040-10-26	tropics	13	0.40362015	0.45109165	0.36209998	0.4340343	0.37360263	0.41973016	0.3872401								FGA	2041-04-01
2040-10-27	tropics	13	0.40827078	0.45589563	0.36651674	0.43879563	0.37800443	0.42439514	0.39194593								FGA	2041-04-01
2040-10-28	tropics	13	0.4129933	0.4607076	0.37094945	0.44353864	0.38262588	0.42893946	0.39663774								FGA	2041-04-01
2040-10-29	tropics	13	0.41762215	0.46554735	0.37540397	0.44812858	0.38726905	0.43376476	0.40101147								FGA	2041-04-01
2040-10-30	tropics	13	0.42234978	0.4704038	0.37987956	0.45272115	0.39168298	0.43850458	0.40554205								FGA	2041-04-01
2040-10-31	tropics	13	0.42694473	0.47526565	0.38436288	0.45732152	0.39626583	0.44315362	0.4101153								FGA	2041-04-01
2040-11-01	tropics	13	0.43160707	0.48013213	0.38865662	0.46191567	0.400881	0.44786325	0.414817								FGA	2041-04-01
2040-11-02	tropics	13	0.4362557	0.48500222	0.3929675	0.46651152	0.4055198	0.45267472	0.41946018								FGA	2041-04-01
2040-11-03	tropics	13	0.44109565	0.489875	0.39729488	0.4711128	0.41018724	0.45744568	0.4241287								FGA	2041-04-01
2040-11-04	tropics	13	0.44590625	0.49474958	0.40163818	0.47571865	0.41484934	0.46206647	0.42886567								FGA	2041-04-01
2040-11-05	tropics	13	0.45061085	0.4996251	0.4059967	0.4804365	0.41936895	0.4666795	0.43366754								FGA	2041-04-01
2040-11-06	tropics	13	0.45533106	0.50450045	0.41036987	0.48519453	0.42384022	0.47149742	0.43811935								FGA	2041-04-01
2040-11-07	tropics	13	0.45991808	0.5093749	0.41475704	0.49027625	0.42845744	0.4763109	0.44278187								FGA	2041-04-01
2040-11-08	tropics	13	0.46449038	0.5142475	0.41930008	0.4954692	0.43308732	0.48110104	0.447554								FGA	2041-04-01
2040-11-09	tropics	13	0.46932727	0.51916105	0.42386904	0.50046927	0.43771634	0.48588875	0.45233402								FGA	2041-04-01
2040-11-10	tropics	13	0.4741038	0.52412087	0.42845055	0.50541526	0.442312	0.4905828	0.45715913								FGA	2041-04-01
2040-11-11	tropics	13	0.47904462	0.52907574	0.4330438	0.51039326	0.44692153	0.4954418	0.46198857								FGA	2041-04-01
2040-11-12	tropics	13	0.48368603	0.5340246	0.43764076	0.5151012	0.4515542	0.5002302	0.46687204								FGA	2041-04-01
2040-11-13	tropics	13	0.4884094	0.5389666	0.44223756	0.5200613	0.45617923	0.504995	0.47155687								FGA	2041-04-01
2040-11-14	tropics	13	0.49319854	0.54390574	0.44684383	0.52505964	0.46082968	0.50972736	0.476374								FGA	2041-04-01
2040-11-15	tropics	13	0.49798858	0.54883975	0.45145863	0.53005254	0.46564114	0.51431936	0.481196								FGA	2041-04-01
2040-11-16	tropics	13	0.5027787	0.55376387	0.4560813	0.53497964	0.47050077	0.51899785	0.48598352								FGA	2041-04-01
2040-11-17	tropics	13	0.50756794	0.5586772	0.46071094	0.53962994	0.47528937	0.5236594	0.49081486								FGA	2041-04-01
2040-11-18	tropics	13	0.51231194	0.56345665	0.46541727	0.54425675	0.48009264	0.528412	0.49557647								FGA	2041-04-01
2040-11-19	tropics	13	0.51688415	0.56821436	0.4703746	0.54887277	0.48493162	0.5332536	0.5003694								FGA	2041-04-01
2040-11-20	tropics	13	0.5216272	0.57295924	0.47533727	0.5534412	0.48974153	0.5380639	0.50514686								FGA	2041-04-01
2040-11-21	tropics	13	0.52627146	0.5776904	0.48030427	0.55800015	0.49442095	0.5429002	0.5098001								FGA	2041-04-01
2040-11-22	tropics	13	0.5311185	0.582407	0.4852746	0.5625488	0.49906382	0.5474818	0.5144001								FGA	2041-04-01
2040-11-23	tropics	13	0.53584486	0.5871084	0.4902473	0.5671397	0.5039806	0.5520103	0.51907325								FGA	2041-04-01
2040-11-24	tropics	13	0.54058576	0.5917935	0.49512863	0.57191813	0.50876445	0.55662817	0.5238778								FGA	2041-04-01
2040-11-25	tropics	13	0.5453534	0.5964617	0.49987578	0.5766561	0.5134128	0.5614486	0.5285202								FGA	2041-04-01
2040-11-26	tropics	13	0.5500729	0.6011156	0.5044521	0.581361	0.51804966	0.5663167	0.5330635								FGA	2041-04-01
2040-11-27	tropics	13	0.55483675	0.60575145	0.50885594	0.5861422	0.5225093	0.5712985	0.5375538								FGA	2041-04-01
2040-11-28	tropics	13	0.5596421	0.610368	0.51325834	0.5907825	0.5269714	0.5760253	0.54223096								FGA	2041-04-01
2040-11-29	tropics	13	0.5645131	0.61496454	0.51771206	0.595333	0.5314811	0.5810089	0.54685795								FGA	2041-04-01
2040-11-30	tropics	13	0.56929547	0.6195404	0.52235234	0.5997895	0.5360687	0.5859084	0.5512431								FGA	2041-04-01
2040-12-01	tropics	13	0.5739198	0.6240947	0.5269775	0.60427713	0.54066277	0.5907493	0.5557394								FGA	2041-04-01
2040-12-02	tropics	13	0.57853913	0.6286268	0.53158695	0.60902786	0.54524964	0.5955724	0.5603597								FGA	2041-04-01
2040-12-03	tropics	13	0.5831721	0.63313615	0.5361908	0.61390465	0.5498345	0.60029685	0.5650891								FGA	2041-04-01
2040-12-04	tropics	13	0.58778554	0.63762194	0.54066175	0.6184392	0.55442244	0.604994	0.5698367								FGA	2041-04-01
2040-12-05	tropics	13	0.59238327	0.6420836	0.5450326	0.62261605	0.55900073	0.6096298	0.5745096								FGA	2041-04-01
2040-12-06	tropics	13	0.5968524	0.6465204	0.54939634	0.6267746	0.56356835	0.6144015	0.5792268								FGA	2041-04-01
2040-12-07	tropics	13	0.6013307	0.6509317	0.5537523	0.6313432	0.5681247	0.6189997	0.58382267								FGA	2041-04-01
2040-12-08	tropics	13	0.6056427	0.6553171	0.55809975	0.63589925	0.5727231	0.62337774	0.5886289								FGA	2041-04-01
2040-12-09	tropics	13	0.6101891	0.6596758	0.5625969	0.6404294	0.57721406	0.62767804	0.5932293								FGA	2041-04-01
2040-12-10	tropics	13	0.61483586	0.6640073	0.5670983	0.64492416	0.58190787	0.63202465	0.5977391								FGA	2041-04-01
2040-12-11	tropics	13	0.6193871	0.66831106	0.57158864	0.64949447	0.586486	0.63643897	0.602114								FGA	2041-04-01
2040-12-12	tropics	13	0.62391716	0.67258656	0.5760523	0.6540059	0.5909085	0.64101464	0.6065639								FGA	2041-04-01
2040-12-13	tropics	13	0.6284776	0.67683333	0.5805004	0.6582923	0.59543973	0.64556456	0.61118317								FGA	2041-04-01
2040-12-14	tropics	13	0.6329112	0.6810508	0.58493537	0.66269803	0.5999724	0.650063	0.6155366								FGA	2041-04-01
2040-12-15	tropics	13	0.63733816	0.6851965	0.5891754	0.667069	0.6044875	0.65432644	0.6197677								FGA	2041-04-01
2040-12-16	tropics	13	0.64173716	0.68923956	0.59335995	0.67141134	0.6089618	0.658429	0.6240512								FGA	2041-04-01
2040-12-17	tropics	13	0.6461133	0.6932537	0.59753066	0.67572135	0.6132693	0.66262066	0.6284237								FGA	2041-04-01
2040-12-18	tropics	13	0.65041304	0.6972384	0.6016872	0.67982614	0.6177128	0.6668897	0.6328333								FGA	2041-04-01
2040-12-19	tropics	13	0.6548172	0.7011934	0.6058288	0.68418396	0.62226623	0.67127836	0.63731134								FGA	2041-04-01
2040-12-20	tropics	13	0.659116	0.7051182	0.6099549	0.6883479	0.6267712	0.675485	0.64189607								FGA	2041-04-01
2040-12-21	tropics	13	0.6632363	0.7090244	0.6140651	0.6924785	0.6310774	0.6795617	0.64617693								FGA	2041-04-01
2040-12-22	tropics	13	0.6673529	0.7129559	0.61817145	0.696568	0.6353363	0.68379384	0.65050405								FGA	2041-04-01
2040-12-23	tropics	13	0.6715714	0.71688855	0.62239635	0.700626	0.6395739	0.6880763	0.6547152								FGA	2041-04-01
2040-12-24	tropics	13	0.67568815	0.7207883	0.6266817	0.70465225	0.6437896	0.6922853	0.6590452								FGA	2041-04-01
2040-12-25	tropics	13	0.6798552	0.7246545	0.63126934	0.70864624	0.6482238	0.69622236	0.6632842								FGA	2041-04-01
2040-12-26	tropics	13	0.68400335	0.728487	0.63582486	0.7126652	0.6528088	0.7001304	0.6675329								FGA	2041-04-01
2040-12-27	tropics	13	0.6879641	0.7322856	0.64034593	0.71681845	0.6571235	0.7040548	0.6717452								FGA	2041-04-01
2040-12-28	tropics	13	0.69208586	0.736199	0.64462924	0.7207165	0.66133535	0.70798975	0.67572224								FGA	2041-04-01
2040-12-29	tropics	13	0.6960928	0.7400794	0.64879596	0.72457856	0.6654099	0.7120064	0.679798								FGA	2041-04-01
2040-12-30	tropics	13	0.700062	0.74393505	0.6529311	0.72836465	0.66923857	0.71599317	0.68386513								FGA	2041-04-01
2040-12-31	tropics	13	0.7040914	0.7477534	0.6570371	0.7322525	0.6730712	0.7199708	0.6877818								FGA	2041-04-01
2041-01-01	tropics	13	0.7079922	0.7515333	0.66091007	0.7361762	0.67714775	0.72382563	0.6917825								FGA	2041-04-01
2041-01-02	tropics	13	0.71177256	0.7552748	0.66470647	0.7401419	0.6812316	0.7277378	0.6955744								FGA	2041-04-01
2041-01-03	tropics	13	0.7157129	0.7588763	0.66846955	0.7440354	0.6852939	0.7316662	0.69958603								FGA	2041-04-01
2041-01-04	tropics	13	0.7195285	0.76239556	0.6722093	0.7477465	0.689272	0.73553085	0.70360816								FGA	2041-04-01
2041-01-05	tropics	13	0.7233584	0.7658788	0.67592716	0.7514966	0.6931656	0.7394074	0.70748985								FGA	2041-04-01
2041-01-06	tropics	13	0.7272361	0.7693261	0.67962253	0.75520104	0.6970315	0.7431897	0.7113539								FGA	2041-04-01
2041-01-07	tropics	13	0.7310606	0.7727374	0.6832952	0.7588451	0.70090747	0.7469608	0.7152693								FGA	2041-04-01
2041-01-08	tropics	13	0.734806	0.7761125	0.68694496	0.762369	0.70484686	0.7504836	0.7190278								FGA	2041-04-01
2041-01-09	tropics	13	0.73850703	0.7794515	0.6905713	0.76585406	0.70875657	0.7539854	0.7227977								FGA	2041-04-01
2041-01-10	tropics	13	0.74209917	0.7827542	0.69427675	0.76930326	0.71263474	0.7573899	0.72658014								FGA	2041-04-01
2041-01-11	tropics	13	0.7456733	0.78603065	0.6980573	0.77271646	0.7164661	0.7609087	0.73033035								FGA	2041-04-01
2041-01-12	tropics	13	0.749228	0.7892845	0.701811	0.7760937	0.7202662	0.76454043	0.7340478								FGA	2041-04-01
2041-01-13	tropics	13	0.7526855	0.7925018	0.7055377	0.779435	0.7240347	0.7680598	0.7376976								FGA	2041-04-01
2041-01-14	tropics	13	0.7561169	0.79568267	0.709237	0.78274024	0.7276316	0.7714547	0.7412876								FGA	2041-04-01
2041-01-15	tropics	13	0.7595159	0.7988271	0.7129086	0.78600293	0.73106337	0.77479714	0.74482346								FGA	2041-04-01
2041-01-16	tropics	13	0.76293373	0.801943	0.7165523	0.7892596	0.7345965	0.7781044	0.7481865								FGA	2041-04-01
2041-01-17	tropics	13	0.7663605	0.8050566	0.7201679	0.79250777	0.7382499	0.7813679	0.75158185								FGA	2041-04-01
2041-01-18	tropics	13	0.76966524	0.8081329	0.72375494	0.79571867	0.74188274	0.7846128	0.75501585								FGA	2041-04-01
2041-01-19	tropics	13	0.77287984	0.8111718	0.7273134	0.7988999	0.74548656	0.78785795	0.75847656								FGA	2041-04-01
2041-01-20	tropics	13	0.77617073	0.81417906	0.73084307	0.8020637	0.74905694	0.7910365	0.762005								FGA	2041-04-01
2041-01-21	tropics	13	0.77945614	0.8171511	0.7343435	0.8052907	0.752554	0.7941919	0.76548433								FGA	2041-04-01
2041-01-22	tropics	13	0.7827332	0.820086	0.7378148	0.8084771	0.7557894	0.7973402	0.76881504								FGA	2041-04-01
2041-01-23	tropics	13	0.78586054	0.82298404	0.74125654	0.81159234	0.75907207	0.8003378	0.77220935								FGA	2041-04-01
2041-01-24	tropics	13	0.7890241	0.8258453	0.7446686	0.8145918	0.76246	0.8033402	0.77532566								FGA	2041-04-01
2041-01-25	tropics	13	0.79213893	0.8286945	0.74804634	0.8175339	0.7658363	0.8063575	0.778504								FGA	2041-04-01
2041-01-26	tropics	13	0.79522073	0.83146864	0.75139296	0.82043165	0.7690088	0.80927837	0.7816732								FGA	2041-04-01
2041-01-27	tropics	13	0.7982988	0.8341909	0.75470966	0.8233061	0.77219665	0.8121847	0.78480923								FGA	2041-04-01
2041-01-28	tropics	13	0.8014147	0.8368777	0.7581205	0.8261282	0.7752795	0.8150615	0.78791225								FGA	2041-04-01
2041-01-29	tropics	13	0.8044566	0.8395296	0.76154876	0.8289315	0.7783325	0.8179387	0.79098696								FGA	2041-04-01
2041-01-30	tropics	13	0.8074348	0.8421464	0.7649339	0.83169866	0.7813555	0.8208244	0.79406905								FGA	2041-04-01
2041-01-31	tropics	13	0.81037295	0.8447599	0.76828545	0.8344298	0.78438574	0.8235503	0.7971157								FGA	2041-04-01
2041-02-01	tropics	13	0.81334895	0.84737724	0.77162945	0.83712524	0.7876044	0.8262768	0.8000822								FGA	2041-04-01
2041-02-02	tropics	13	0.8163011	0.8499582	0.7749955	0.83978504	0.79096717	0.82895243	0.80302906								FGA	2041-04-01
2041-02-03	tropics	13	0.8192869	0.85246444	0.7783256	0.8424094	0.7940128	0.83162934	0.80605316								FGA	2041-04-01
2041-02-04	tropics	13	0.8222345	0.85499436	0.7816197	0.84499854	0.797106	0.8342784	0.8089632								FGA	2041-04-01
2041-02-05	tropics	13	0.82507485	0.85739666	0.7848779	0.8475527	0.800047	0.8368894	0.8119013								FGA	2041-04-01
2041-02-06	tropics	13	0.8277558	0.8597015	0.78805345	0.8500722	0.80303556	0.83946717	0.81481904								FGA	2041-04-01
2041-02-07	tropics	13	0.8304041	0.86197716	0.79109657	0.8525571	0.806037	0.84201175	0.81757283								FGA	2041-04-01
2041-02-08	tropics	13	0.833045	0.8642708	0.7941069	0.85500777	0.80887586	0.8445307	0.8201904								FGA	2041-04-01
2041-02-09	tropics	13	0.83570653	0.8666523	0.7970836	0.85745555	0.81172526	0.8470314	0.82277834								FGA	2041-04-01
2041-02-10	tropics	13	0.838298	0.8690008	0.8000165	0.85989255	0.81442994	0.8494988	0.8253474								FGA	2041-04-01
2041-02-11	tropics	13	0.8408077	0.8713139	0.8029169	0.8622946	0.8171495	0.8518854	0.827989								FGA	2041-04-01
2041-02-12	tropics	13	0.8432815	0.87359214	0.8057848	0.864662	0.8197782	0.8542763	0.8306055								FGA	2041-04-01
2041-02-13	tropics	13	0.8456621	0.875766	0.80862063	0.8670029	0.8224816	0.85667956	0.83317715								FGA	2041-04-01
2041-02-14	tropics	13	0.8481199	0.8778513	0.81130356	0.8691313	0.82514495	0.85902387	0.8357421								FGA	2041-04-01
2041-02-15	tropics	13	0.85055196	0.8799285	0.81393975	0.8712811	0.8277414	0.8613531	0.8381703								FGA	2041-04-01
2041-02-16	tropics	13	0.8529582	0.8819751	0.8165474	0.87340677	0.8303146	0.8636469	0.84065336								FGA	2041-04-01
2041-02-17	tropics	13	0.855289	0.8839915	0.8191265	0.8755732	0.8328567	0.86589897	0.8431122								FGA	2041-04-01
2041-02-18	tropics	13	0.85761535	0.8859789	0.8216771	0.87770474	0.83536816	0.8681185	0.84558314								FGA	2041-04-01
2041-02-19	tropics	13	0.8599384	0.8879441	0.8241995	0.8797954	0.8378488	0.870292	0.8480439								FGA	2041-04-01
2041-02-20	tropics	13	0.86219	0.88990515	0.8266936	0.8818632	0.84029895	0.87242347	0.8503444								FGA	2041-04-01
2041-02-21	tropics	13	0.8644124	0.89189315	0.829195	0.88401854	0.842667	0.87457633	0.8526813								FGA	2041-04-01
2041-02-22	tropics	13	0.86660933	0.89384943	0.83167946	0.8861241	0.84498316	0.87671626	0.855								FGA	2041-04-01
2041-02-23	tropics	13	0.8687813	0.89577436	0.834135	0.88805306	0.8472712	0.878815	0.8572881								FGA	2041-04-01
2041-02-24	tropics	13	0.8709231	0.8976684	0.83655477	0.8899537	0.8495313	0.88086486	0.8595594								FGA	2041-04-01
2041-02-25	tropics	13	0.8730247	0.89953196	0.83894527	0.8918437	0.8517635	0.88287807	0.8618052								FGA	2041-04-01
2041-02-26	tropics	13	0.8750813	0.9013652	0.84130734	0.89378476	0.85398406	0.88493407	0.86398953								FGA	2041-04-01
2041-02-27	tropics	13	0.87710905	0.9031752	0.84364104	0.8956779	0.8562144	0.8869194	0.8661402								FGA	2041-04-01
2041-02-28	tropics	13	0.87914634	0.90497184	0.84597325	0.89754	0.8584166	0.8888591	0.86826193								FGA	2041-04-01
2041-03-01	tropics	13	0.8811284	0.90670455	0.8482807	0.8993726	0.8605989	0.8907696	0.8703552								FGA	2041-04-01
2041-03-02	tropics	13	0.88314474	0.90839076	0.85055965	0.9011759	0.8627526	0.8926438	0.8724397								FGA	2041-04-01
2041-03-03	tropics	13	0.88511163	0.90999705	0.8528102	0.90298736	0.864878	0.89448476	0.87449753								FGA	2041-04-01
2041-03-04	tropics	13	0.8870311	0.91161424	0.85503244	0.9047295	0.8669753	0.89629775	0.8765266								FGA	2041-04-01
2041-03-05	tropics	13	0.88884413	0.913207	0.8572268	0.90643436	0.86902905	0.8980832	0.87855506								FGA	2041-04-01
2041-03-06	tropics	13	0.89062524	0.91478014	0.85939306	0.9081379	0.87107855	0.8998376	0.8805548								FGA	2041-04-01
2041-03-07	tropics	13	0.8924354	0.91632944	0.86153173	0.9098004	0.87309337	0.90155816	0.88249636								FGA	2041-04-01
2041-03-08	tropics	13	0.8942272	0.91787964	0.8636429	0.91143566	0.875081	0.9032405	0.88436985								FGA	2041-04-01
2041-03-09	tropics	13	0.8960036	0.91942316	0.8657267	0.9130014	0.8770558	0.9048704	0.886245								FGA	2041-04-01
2041-03-10	tropics	13	0.8977531	0.92094016	0.867751	0.9145227	0.8790116	0.90647537	0.8881132								FGA	2041-04-01
2041-03-11	tropics	13	0.89947623	0.92243075	0.8697111	0.91602	0.8809405	0.90815216	0.88995886								FGA	2041-04-01
2041-03-12	tropics	13	0.9012072	0.92389566	0.87164646	0.9174937	0.8828429	0.9097655	0.89177775								FGA	2041-04-01
2041-03-13	tropics	13	0.90291977	0.92533493	0.87359273	0.918944	0.8847188	0.91133803	0.89357007								FGA	2041-04-01
2041-03-14	tropics	13	0.90459573	0.9267409	0.87551695	0.9203714	0.8864929	0.91289544	0.89533556								FGA	2041-04-01
2041-03-15	tropics	13	0.9061998	0.9281025	0.8774158	0.9217759	0.8882322	0.91437984	0.89707756								FGA	2041-04-01
2041-03-16	tropics	13	0.9077626	0.92944455	0.8792894	0.923158	0.89000577	0.91586137	0.8987634								FGA	2041-04-01
2041-03-17	tropics	13	0.90929085	0.9307706	0.88113797	0.92451787	0.8917768	0.91734207	0.9004838								FGA	2041-04-01
2041-03-18	tropics	13	0.9107939	0.9321158	0.8829618	0.92587763	0.8935762	0.9188162	0.9021599								FGA	2041-04-01
2041-03-19	tropics	13	0.9122962	0.9334284	0.8847599	0.9272351	0.895349	0.92027605	0.90382284								FGA	2041-04-01
2041-03-20	tropics	13	0.91376066	0.93471926	0.886528	0.92856866	0.8970662	0.92170995	0.90543526								FGA	2041-04-01
2041-03-21	tropics	13	0.9151844	0.9359775	0.88827217	0.92987925	0.89866245	0.9230895	0.90696484								FGA	2041-04-01
2041-03-22	tropics	13	0.91661406	0.9372042	0.8899926	0.9311696	0.90023637	0.9244476	0.90849596								FGA	2041-04-01
2041-03-23	tropics	13	0.9180225	0.9384082	0.89168954	0.93243784	0.90183455	0.9257813	0.9099747								FGA	2041-04-01
2041-03-24	tropics	13	0.9194447	0.9395791	0.893423	0.9336843	0.90343904	0.92708445	0.9114522								FGA	2041-04-01
2041-03-25	tropics	13	0.9208497	0.9407291	0.8951884	0.93490916	0.9050231	0.92836404	0.9129524								FGA	2041-04-01
2041-03-26	tropics	13	0.92223203	0.94185853	0.89692783	0.9361128	0.90654284	0.9296226	0.91441876								FGA	2041-04-01
2041-03-27	tropics	13	0.9235736	0.9429678	0.8986391	0.93731266	0.90806186	0.9308606	0.915903								FGA	2041-04-01
2041-03-28	tropics	13	0.9248868	0.944057	0.90029764	0.93850577	0.9095759	0.93207824	0.91734856								FGA	2041-04-01
2041-03-29	tropics	13	0.9261794	0.94512665	0.9019108	0.9396775	0.9110058	0.9332757	0.9187522								FGA	2041-04-01
2041-03-30	tropics	13	0.9274516	0.946177	0.9034378	0.9408282	0.91246545	0.9344534	0.92013407								FGA	2041-04-01
2041-03-31	tropics	13	0.9287038	0.9472083	0.90494335	0.9419582	0.9139148	0.9356098	0.9214944								FGA	2041-04-01
2040-04-01	tropics	17	1.1445472e-14	1.9052937e-14	7.141295e-15	1.5827407e-14	8.362094e-15	1.33115344e-14	9.7191085e-15								FGA	2041-04-01
2040-04-02	tropics	17	1.0716937e-14	1.7828985e-14	6.687955e-15	1.4814235e-14	7.831398e-15	1.2461528e-14	9.100524e-15								FGA	2041-04-01
2040-04-03	tropics	17	1.0838359e-14	1.7864137e-14	6.785378e-15	1.4889431e-14	7.9506205e-15	1.2603513e-14	9.210087e-15								FGA	2041-04-01
2040-04-04	tropics	17	1.1158058e-14	1.8268022e-14	7.061627e-15	1.520163e-14	8.2499645e-15	1.29604545e-14	9.512506e-15								FGA	2041-04-01
2040-04-05	tropics	17	1.0950302e-14	1.7855402e-14	6.9690174e-15	1.4888352e-14	8.124916e-15	1.2705694e-14	9.347117e-15								FGA	2041-04-01
2040-04-06	tropics	17	1.0735416e-14	1.740767e-14	6.859512e-15	1.4546143e-14	7.978393e-15	1.243296e-14	9.176591e-15								FGA	2041-04-01
2040-04-07	tropics	17	1.0728496e-14	1.7249289e-14	6.8838304e-15	1.4456984e-14	7.984549e-15	1.2404887e-14	9.175429e-15								FGA	2041-04-01
2040-04-08	tropics	17	1.0717425e-14	1.7095932e-14	6.913178e-15	1.4362775e-14	7.995279e-15	1.2415245e-14	9.193573e-15								FGA	2041-04-01
2040-04-09	tropics	17	1.0622408e-14	1.6849367e-14	6.8883455e-15	1.4174162e-14	7.966587e-15	1.2323398e-14	9.122078e-15								FGA	2041-04-01
2040-04-10	tropics	17	1.0533963e-14	1.6610316e-14	6.8660342e-15	1.4079347e-14	7.903388e-15	1.2204675e-14	9.046253e-15								FGA	2041-04-01
2040-04-11	tropics	17	1.047438e-14	1.6427745e-14	6.8626576e-15	1.4013109e-14	7.86994e-15	1.211913e-14	8.997582e-15								FGA	2041-04-01
2040-04-12	tropics	17	1.0412798e-14	1.6261183e-14	6.8523026e-15	1.3886904e-14	7.865835e-15	1.2036404e-14	8.967463e-15								FGA	2041-04-01
2040-04-13	tropics	17	1.0334871e-14	1.6076499e-14	6.832505e-15	1.374259e-14	7.858934e-15	1.1935139e-14	8.922801e-15								FGA	2041-04-01
2040-04-14	tropics	17	1.0265677e-14	1.588838e-14	6.8231244e-15	1.3597742e-14	7.822114e-15	1.1825217e-14	8.891209e-15								FGA	2041-04-01
2040-04-15	tropics	17	1.0206823e-14	1.5708771e-14	6.8052706e-15	1.3461215e-14	7.803353e-15	1.1697701e-14	8.848308e-15								FGA	2041-04-01
2040-04-16	tropics	17	1.01358605e-14	1.5530673e-14	6.787505e-15	1.3352147e-14	7.778459e-15	1.1583137e-14	8.79779e-15								FGA	2041-04-01
2040-04-17	tropics	17	1.0067893e-14	1.5352157e-14	6.768683e-15	1.3248959e-14	7.729743e-15	1.1486216e-14	8.747622e-15								FGA	2041-04-01
2040-04-18	tropics	17	1.0002836e-14	1.5166252e-14	6.7500576e-15	1.3141406e-14	7.678246e-15	1.1390948e-14	8.692565e-15								FGA	2041-04-01
2040-04-19	tropics	17	9.929142e-15	1.4961116e-14	6.732009e-15	1.2959627e-14	7.644793e-15	1.1290638e-14	8.6392516e-15								FGA	2041-04-01
2040-04-20	tropics	17	9.857156e-15	1.475888e-14	6.7021414e-15	1.2839299e-14	7.629406e-15	1.11661406e-14	8.596297e-15								FGA	2041-04-01
2040-04-21	tropics	17	9.793094e-15	1.4559285e-14	6.6818084e-15	1.2728385e-14	7.59281e-15	1.1042653e-14	8.537569e-15								FGA	2041-04-01
2040-04-22	tropics	17	9.7298895e-15	1.4385233e-14	6.6751422e-15	1.2620091e-14	7.533576e-15	1.0939858e-14	8.487309e-15								FGA	2041-04-01
2040-04-23	tropics	17	9.6550575e-15	1.4228734e-14	6.6414274e-15	1.2517879e-14	7.509826e-15	1.08464e-14	8.4318284e-15								FGA	2041-04-01
2040-04-24	tropics	17	9.5908075e-15	1.4073934e-14	6.6057575e-15	1.2400842e-14	7.485171e-15	1.0777507e-14	8.381542e-15								FGA	2041-04-01
2040-04-25	tropics	17	9.532138e-15	1.3923036e-14	6.5611752e-15	1.2237517e-14	7.446733e-15	1.0678632e-14	8.339797e-15								FGA	2041-04-01
2040-04-26	tropics	17	9.466869e-15	1.37737374e-14	6.5443875e-15	1.2109188e-14	7.408565e-15	1.0581905e-14	8.3008195e-15								FGA	2041-04-01
2040-04-27	tropics	17	9.415104e-15	1.36260056e-14	6.535798e-15	1.1963517e-14	7.371979e-15	1.0496636e-14	8.24404e-15								FGA	2041-04-01
2040-04-28	tropics	17	9.354317e-15	1.34540435e-14	6.5162727e-15	1.184636e-14	7.3323695e-15	1.0434579e-14	8.190634e-15								FGA	2041-04-01
2040-04-29	tropics	17	9.271775e-15	1.3318883e-14	6.4961256e-15	1.1731422e-14	7.287944e-15	1.0347139e-14	8.144041e-15								FGA	2041-04-01
2040-04-30	tropics	17	9.210247e-15	1.3157149e-14	6.4747114e-15	1.1651724e-14	7.248257e-15	1.0263757e-14	8.096972e-15								FGA	2041-04-01
2040-05-01	tropics	17	9.150304e-15	1.2971879e-14	6.448785e-15	1.153305e-14	7.199192e-15	1.01911896e-14	8.065358e-15								FGA	2041-04-01
2040-05-02	tropics	17	9.076644e-15	1.2795604e-14	6.429485e-15	1.1443739e-14	7.150304e-15	1.0124883e-14	8.0106125e-15								FGA	2041-04-01
2040-05-03	tropics	17	9.0151224e-15	1.2671291e-14	6.4103335e-15	1.131918e-14	7.114373e-15	1.0043315e-14	7.970312e-15								FGA	2041-04-01
2040-05-04	tropics	17	8.9538625e-15	1.25137725e-14	6.3958026e-15	1.1234439e-14	7.072214e-15	9.968581e-15	7.924998e-15								FGA	2041-04-01
2040-05-05	tropics	17	8.888895e-15	1.2360624e-14	6.3708922e-15	1.1121344e-14	7.0448704e-15	9.879555e-15	7.8885856e-15								FGA	2041-04-01
2040-05-06	tropics	17	2.6894063e-11	7.774693e-11	9.197702e-12	5.3734437e-11	1.2683725e-11	3.8269214e-11	1.6862602e-11								FGA	2041-04-01
2040-05-07	tropics	17	6.669102e-05	0.00019237798	2.2884622e-05	0.00013293953	3.1390176e-05	9.514186e-05	4.196252e-05								FGA	2041-04-01
2040-05-08	tropics	17	0.0010989038	0.0031611244	0.00037857762	0.002178937	0.00051972916	0.0015685165	0.00069259305								FGA	2041-04-01
2040-05-09	tropics	17	0.0023580098	0.0067698047	0.00081675	0.0046525467	0.0011181494	0.003372782	0.0014904742								FGA	2041-04-01
2040-05-10	tropics	17	0.0029959795	0.008610212	0.0010447655	0.00589563	0.0014240934	0.004300563	0.001904341								FGA	2041-04-01
2040-05-11	tropics	17	0.003606399	0.010361736	0.0012666499	0.0070872586	0.0017193274	0.0051832665	0.0023046562								FGA	2041-04-01
2040-05-12	tropics	17	0.004446947	0.01271473	0.0015696682	0.008715291	0.0021279857	0.006387377	0.0028505952								FGA	2041-04-01
2040-05-13	tropics	17	0.005283264	0.015058852	0.001874575	0.01033725	0.002528237	0.0075881034	0.003399034								FGA	2041-04-01
2040-05-14	tropics	17	0.006009631	0.017118972	0.0021478548	0.011768612	0.0029004188	0.008649077	0.0038847364								FGA	2041-04-01
2040-05-15	tropics	17	0.0067386786	0.019148631	0.0024219751	0.013156535	0.0032600735	0.009701586	0.004367354								FGA	2041-04-01
2040-05-16	tropics	17	0.0074966364	0.02124593	0.002706521	0.014589297	0.003633058	0.0107953455	0.0048709353								FGA	2041-04-01
2040-05-17	tropics	17	0.008247154	0.023311615	0.0029899566	0.016052088	0.0040033124	0.011872939	0.005377806								FGA	2041-04-01
2040-05-18	tropics	17	0.00898024	0.02531	0.003268145	0.017499778	0.004367509	0.012920622	0.005875634								FGA	2041-04-01
2040-05-19	tropics	17	0.009722767	0.027281377	0.0035464792	0.018907659	0.0047306684	0.0139597785	0.00637697								FGA	2041-04-01
2040-05-20	tropics	17	0.010480555	0.029241266	0.0038266536	0.020301307	0.0050949487	0.0149972355	0.006879036								FGA	2041-04-01
2040-05-21	tropics	17	0.011160441	0.031019313	0.0040853717	0.021573126	0.0054294476	0.01593809	0.0073295375								FGA	2041-04-01
2040-05-22	tropics	17	0.010977182	0.030422807	0.00403694	0.02118512	0.005355443	0.015666422	0.007235635								FGA	2041-04-01
2040-05-23	tropics	17	0.010581262	0.02923833	0.003914269	0.02036823	0.005196738	0.0151167065	0.0070058946								FGA	2041-04-01
2040-05-24	tropics	17	0.010727836	0.029540755	0.003985951	0.02056743	0.005295128	0.015323566	0.0071251187								FGA	2041-04-01
2040-05-25	tropics	17	0.010893246	0.029899603	0.0040633297	0.020811789	0.00540262	0.015536778	0.0072550513								FGA	2041-04-01
2040-05-26	tropics	17	0.010883554	0.029698055	0.004066739	0.0206855	0.0054126717	0.015446181	0.0072472915								FGA	2041-04-01
2040-05-27	tropics	17	0.0108668115	0.02948109	0.0040692845	0.020547213	0.0054217526	0.015342132	0.007237915								FGA	2041-04-01
2040-05-28	tropics	17	0.010919879	0.029484805	0.0041011376	0.020565383	0.005473544	0.015369563	0.0072796973								FGA	2041-04-01
2040-05-29	tropics	17	0.0109722875	0.029489612	0.004132663	0.020584773	0.0055279937	0.015397933	0.0073067853								FGA	2041-04-01
2040-05-30	tropics	17	0.010993449	0.02940786	0.0041526	0.02054263	0.005556305	0.015413997	0.0073126378								FGA	2041-04-01
2040-05-31	tropics	17	0.011015523	0.029312994	0.0041730627	0.020500679	0.005580298	0.015361798	0.007318966								FGA	2041-04-01
2040-06-01	tropics	17	0.011049915	0.02926717	0.0041982466	0.020527463	0.005617673	0.015346746	0.0073477835								FGA	2041-04-01
2040-06-02	tropics	17	0.011086597	0.029220462	0.00422323	0.020554405	0.0056496467	0.015348408	0.0073855016								FGA	2041-04-01
2040-06-03	tropics	17	0.0111347195	0.029160103	0.0042464696	0.020571968	0.0056688385	0.015358375	0.007424184								FGA	2041-04-01
2040-06-04	tropics	17	0.011183431	0.029100915	0.0042700944	0.020590028	0.005688438	0.015347584	0.007471222								FGA	2041-04-01
2040-06-05	tropics	17	0.011236489	0.029059479	0.004296611	0.020614052	0.0057120924	0.01532473	0.0075250133								FGA	2041-04-01
2040-06-06	tropics	17	0.011270721	0.028983966	0.004322191	0.020638157	0.005736618	0.015294552	0.0075629414								FGA	2041-04-01
2040-06-07	tropics	17	0.0112732425	0.028874597	0.0043423693	0.020638816	0.005760223	0.015271729	0.0075942036								FGA	2041-04-01
2040-06-08	tropics	17	0.011282403	0.028765747	0.0043625976	0.020627346	0.0057816384	0.015297332	0.0076260027								FGA	2041-04-01
2040-06-09	tropics	17	0.011289081	0.028659118	0.004383145	0.020586524	0.005803259	0.015306402	0.0076658344								FGA	2041-04-01
2040-06-10	tropics	17	0.01130938	0.028552398	0.0044037043	0.020571874	0.0058261114	0.015313076	0.007701236								FGA	2041-04-01
2040-06-11	tropics	17	0.011341149	0.028444756	0.0044241715	0.020591417	0.0058486024	0.0153292585	0.007738572								FGA	2041-04-01
2040-06-12	tropics	17	0.011354379	0.028337102	0.004444816	0.020589357	0.00587113	0.01532539	0.0077759624								FGA	2041-04-01
2040-06-13	tropics	17	0.011359258	0.028229743	0.004470633	0.02058182	0.005899231	0.01531487	0.007817083								FGA	2041-04-01
2040-06-14	tropics	17	0.011363925	0.028122304	0.004496528	0.020573894	0.005945825	0.015297205	0.007859865								FGA	2041-04-01
2040-06-15	tropics	17	0.011368343	0.028014679	0.0045224675	0.020565514	0.005992622	0.015287397	0.007895943								FGA	2041-04-01
2040-06-16	tropics	17	0.01137256	0.027906999	0.004548488	0.020552883	0.006039703	0.015270171	0.007931813								FGA	2041-04-01
2040-06-17	tropics	17	0.011385882	0.0277993	0.0045745997	0.020537855	0.006087089	0.015246719	0.007939154								FGA	2041-04-01
2040-06-18	tropics	17	0.011400698	0.027691524	0.0046007847	0.020522429	0.0061347466	0.015236743	0.0079516545								FGA	2041-04-01
2040-06-19	tropics	17	0.011415329	0.02758365	0.004626434	0.020506587	0.0061747483	0.015219246	0.007964244								FGA	2041-04-01
2040-06-20	tropics	17	0.011426171	0.0274757	0.0046521313	0.020490339	0.0061873733	0.015225454	0.00798614								FGA	2041-04-01
2040-06-21	tropics	17	0.011429657	0.027371522	0.0046845144	0.020470176	0.0061999015	0.01522969	0.008012684								FGA	2041-04-01
2040-06-22	tropics	17	0.0114328945	0.027278448	0.0047197887	0.020433	0.0062123267	0.0152322035	0.008026884								FGA	2041-04-01
2040-06-23	tropics	17	0.011442014	0.027188668	0.0047552274	0.020395437	0.0062246467	0.015215773	0.008047191								FGA	2041-04-01
2040-06-24	tropics	17	0.011457446	0.027111726	0.004790831	0.02035749	0.0062368605	0.015186751	0.008056812								FGA	2041-04-01
2040-06-25	tropics	17	0.011487216	0.027034491	0.0048265974	0.020319149	0.0062489626	0.01515748	0.008068469								FGA	2041-04-01
2040-06-26	tropics	17	0.011502035	0.02695695	0.0048623965	0.020280411	0.006260952	0.01512796	0.008083323								FGA	2041-04-01
2040-06-27	tropics	17	0.011539293	0.026879096	0.0048981966	0.020241272	0.006272824	0.015118802	0.008111799								FGA	2041-04-01
2040-06-28	tropics	17	0.011576392	0.02680183	0.0049341475	0.02020172	0.006284576	0.015150901	0.008145976								FGA	2041-04-01
2040-06-29	tropics	17	0.011613324	0.026751995	0.004963828	0.020191845	0.006296758	0.015182983	0.008180907								FGA	2041-04-01
2040-06-30	tropics	17	0.011650082	0.026704641	0.0049918443	0.020198619	0.0063101347	0.015225236	0.008198518								FGA	2041-04-01
2040-07-01	tropics	17	0.011686659	0.026657272	0.0050195893	0.020203678	0.006337946	0.015175753	0.0082054455								FGA	2041-04-01
2040-07-02	tropics	17	0.0117070265	0.026609346	0.005047375	0.02015283	0.0063757272	0.015177252	0.0082187485								FGA	2041-04-01
2040-07-03	tropics	17	0.011715261	0.026560865	0.0050751986	0.020090017	0.0063870894	0.015187765	0.008240003								FGA	2041-04-01
2040-07-04	tropics	17	0.011715681	0.026511816	0.005103056	0.020033486	0.006399267	0.015197935	0.008261318								FGA	2041-04-01
2040-07-05	tropics	17	0.011713214	0.026462201	0.0051309443	0.020047083	0.006412331	0.0152077535	0.008291522								FGA	2041-04-01
2040-07-06	tropics	17	0.011735713	0.026412003	0.0051588607	0.02004997	0.006425263	0.015214722	0.008321639								FGA	2041-04-01
2040-07-07	tropics	17	0.0117580015	0.026361216	0.0051868004	0.020001868	0.0064586746	0.0152128115	0.00835167								FGA	2041-04-01
2040-07-08	tropics	17	0.011780073	0.026309835	0.005214761	0.02000866	0.0064988486	0.0152475545	0.008381605								FGA	2041-04-01
2040-07-09	tropics	17	0.011786023	0.026257843	0.005235275	0.020022728	0.006539114	0.015224909	0.00841144								FGA	2041-04-01
2040-07-10	tropics	17	0.011783462	0.026205238	0.005251154	0.020036262	0.0065811803	0.015233857	0.00842825								FGA	2041-04-01
2040-07-11	tropics	17	0.011780608	0.026136652	0.0052669495	0.02004722	0.006623384	0.015245115	0.008444477								FGA	2041-04-01
2040-07-12	tropics	17	0.011777449	0.026054842	0.00528266	0.020055931	0.006665693	0.015268733	0.008455162								FGA	2041-04-01
2040-07-13	tropics	17	0.011782635	0.025972545	0.0052982816	0.020047776	0.0067125633	0.015288665	0.008486181								FGA	2041-04-01
2040-07-14	tropics	17	0.011788525	0.025890276	0.0053138114	0.020026093	0.0067484807	0.015307751	0.008496941								FGA	2041-04-01
2040-07-15	tropics	17	0.011796421	0.025809038	0.005329246	0.020008415	0.0067731477	0.015326383	0.008507404								FGA	2041-04-01
2040-07-16	tropics	17	0.011822917	0.025727285	0.005344351	0.020098245	0.0067856107	0.015331902	0.008528764								FGA	2041-04-01
2040-07-17	tropics	17	0.01184909	0.025645018	0.0053588776	0.02011518	0.006797921	0.015305818	0.00855826								FGA	2041-04-01
2040-07-18	tropics	17	0.0118749365	0.025562217	0.005373294	0.02012407	0.0068134954	0.015302773	0.008593068								FGA	2041-04-01
2040-07-19	tropics	17	0.011900449	0.025478886	0.0053875977	0.020132333	0.0068477	0.0153270755	0.008622749								FGA	2041-04-01
2040-07-20	tropics	17	0.011923375	0.025395017	0.0054017855	0.020139955	0.006862917	0.015360378	0.00864855								FGA	2041-04-01
2040-07-21	tropics	17	0.011926111	0.025310604	0.005415852	0.02015597	0.006884254	0.015396978	0.00867698								FGA	2041-04-01
2040-07-22	tropics	17	0.011903734	0.025225641	0.005429796	0.020161793	0.006912449	0.015406642	0.008696349								FGA	2041-04-01
2040-07-23	tropics	17	0.011905283	0.025152406	0.0054436116	0.020151649	0.006940499	0.015401884	0.008731029								FGA	2041-04-01
2040-07-24	tropics	17	0.01191764	0.025093267	0.00545931	0.020159774	0.0069704056	0.01536565	0.008759465								FGA	2041-04-01
2040-07-25	tropics	17	0.011922203	0.025033435	0.0054830723	0.020167205	0.0070013204	0.015323535	0.008787505								FGA	2041-04-01
2040-07-26	tropics	17	0.0119278	0.024972903	0.0055067516	0.020167718	0.0070320894	0.015309527	0.00879942								FGA	2041-04-01
2040-07-27	tropics	17	0.01194247	0.024911664	0.0055303443	0.020108018	0.0070407744	0.01530219	0.00881105								FGA	2041-04-01
2040-07-28	tropics	17	0.011984152	0.024849711	0.005557486	0.02000426	0.00707348	0.015294303	0.008853556								FGA	2041-04-01
2040-07-29	tropics	17	0.011986162	0.024787039	0.0055859117	0.019981744	0.007107683	0.015271683	0.008883782								FGA	2041-04-01
2040-07-30	tropics	17	0.01199191	0.024723636	0.0056142937	0.019982839	0.0071420334	0.015228263	0.008913639								FGA	2041-04-01
2040-07-31	tropics	17	0.012005696	0.024658091	0.0056426255	0.019970184	0.0071736006	0.0151914265	0.008943485								FGA	2041-04-01
2040-08-01	tropics	17	0.011996066	0.024565633	0.0056709023	0.01991925	0.007202442	0.01518068	0.00897414								FGA	2041-04-01
2040-08-02	tropics	17	0.011978937	0.024472635	0.005699118	0.019863147	0.0072322316	0.015172215	0.009021249								FGA	2041-04-01
2040-08-03	tropics	17	0.011958167	0.02437909	0.005727268	0.019806314	0.0072713546	0.015169786	0.009037588								FGA	2041-04-01
2040-08-04	tropics	17	0.011991078	0.024288012	0.0057547237	0.01974875	0.0073016766	0.015174658	0.009054523								FGA	2041-04-01
2040-08-05	tropics	17	0.011973941	0.024196697	0.005767381	0.019690441	0.0073179766	0.015157448	0.009076335								FGA	2041-04-01
2040-08-06	tropics	17	0.011952173	0.024104798	0.0057742926	0.019631386	0.00734176	0.015153424	0.009106661								FGA	2041-04-01
2040-08-07	tropics	17	0.0119468495	0.024012303	0.0057826997	0.019571574	0.0073690023	0.015152595	0.009128334								FGA	2041-04-01
2040-08-08	tropics	17	0.011962692	0.023919215	0.005807997	0.019510437	0.0073901615	0.0151587045	0.009106853								FGA	2041-04-01
2040-08-09	tropics	17	0.011982724	0.02382552	0.005841566	0.019472316	0.007408471	0.015164228	0.00912227								FGA	2041-04-01
2040-08-10	tropics	17	0.011978169	0.023731226	0.0058742925	0.0194533	0.0074268696	0.01515964	0.009176165								FGA	2041-04-01
2040-08-11	tropics	17	0.011963739	0.023660203	0.005906436	0.019345822	0.007446293	0.0151285175	0.009182741								FGA	2041-04-01
2040-08-12	tropics	17	0.01198076	0.023613334	0.005934221	0.019261062	0.0074661737	0.015136364	0.009192165								FGA	2041-04-01
2040-08-13	tropics	17	0.011975012	0.023565492	0.0059461743	0.019196622	0.0074858074	0.01514361	0.009193104								FGA	2041-04-01
2040-08-14	tropics	17	0.011965895	0.023514304	0.005957912	0.019131398	0.00748732	0.015143766	0.009214522								FGA	2041-04-01
2040-08-15	tropics	17	0.011939951	0.023456672	0.005969429	0.019082638	0.007513306	0.0151216565	0.009230506								FGA	2041-04-01
2040-08-16	tropics	17	0.01194602	0.023398098	0.005980721	0.019074079	0.007539431	0.015151822	0.009239549								FGA	2041-04-01
2040-08-17	tropics	17	0.011951592	0.023338567	0.0059965695	0.019064568	0.00755909	0.01516636	0.009237936								FGA	2041-04-01
2040-08-18	tropics	17	0.011954626	0.023278078	0.006016671	0.019048411	0.0075764223	0.015150721	0.009241576								FGA	2041-04-01
2040-08-19	tropics	17	0.011928473	0.023271572	0.0060365587	0.01899325	0.007591215	0.015118748	0.00924808								FGA	2041-04-01
2040-08-20	tropics	17	0.011901811	0.023215614	0.0060562273	0.018937381	0.0076111085	0.015105585	0.009254159								FGA	2041-04-01
2040-08-21	tropics	17	0.011874635	0.023167329	0.0060756705	0.018880798	0.007628344	0.015095895	0.009270867								FGA	2041-04-01
2040-08-22	tropics	17	0.011846941	0.02311879	0.0060948823	0.0188235	0.0076452787	0.015095583	0.009293508								FGA	2041-04-01
2040-08-23	tropics	17	0.011831775	0.02307111	0.006113856	0.018765476	0.0076569123	0.01510994	0.009298354								FGA	2041-04-01
2040-08-24	tropics	17	0.011799004	0.023036037	0.0061325864	0.018706728	0.00767589	0.015066499	0.009300495								FGA	2041-04-01
2040-08-25	tropics	17	0.011788737	0.022993209	0.0061510657	0.018647248	0.007690443	0.015042925	0.009300811								FGA	2041-04-01
2040-08-26	tropics	17	0.011756169	0.022883242	0.00616929	0.018585455	0.0077068466	0.015004941	0.009296753								FGA	2041-04-01
2040-08-27	tropics	17	0.011755568	0.022795584	0.0061872494	0.018519232	0.0077229147	0.0150021035	0.00929422								FGA	2041-04-01
2040-08-28	tropics	17	0.011781844	0.022695212	0.0062090307	0.018452307	0.0077438755	0.014989405	0.009291834								FGA	2041-04-01
2040-08-29	tropics	17	0.011776817	0.022584166	0.006231869	0.018384673	0.0077696065	0.014970262	0.00928943								FGA	2041-04-01
2040-08-30	tropics	17	0.011740468	0.022473179	0.0062544527	0.018314049	0.007775006	0.014982185	0.009283907								FGA	2041-04-01
2040-08-31	tropics	17	0.011703633	0.02236372	0.0062767784	0.01824116	0.007778718	0.014985549	0.009289553								FGA	2041-04-01
2040-09-01	tropics	17	0.011666309	0.022253634	0.006298837	0.018177206	0.00778123	0.014986701	0.009298488								FGA	2041-04-01
2040-09-02	tropics	17	0.011648353	0.022182278	0.006320622	0.01813737	0.007769321	0.014983727	0.0093258405								FGA	2041-04-01
2040-09-03	tropics	17	0.011640001	0.02211506	0.006342126	0.018096665	0.0077877976	0.014962389	0.009338027								FGA	2041-04-01
2040-09-04	tropics	17	0.011612024	0.022046747	0.0063633416	0.018055085	0.0078087393	0.0149001945	0.009360429								FGA	2041-04-01
2040-09-05	tropics	17	0.011606589	0.021978639	0.006384262	0.01801101	0.00783903	0.014848389	0.009357123								FGA	2041-04-01
2040-09-06	tropics	17	0.011621827	0.02193443	0.0064048804	0.017907817	0.007845123	0.014789868	0.009357436								FGA	2041-04-01
2040-09-07	tropics	17	0.011636666	0.021840395	0.0064250724	0.01787673	0.007831243	0.0147606	0.009355033								FGA	2041-04-01
2040-09-08	tropics	17	0.011603264	0.021769589	0.006444783	0.017869757	0.007815456	0.014725858	0.009345791								FGA	2041-04-01
2040-09-09	tropics	17	0.011590911	0.021697182	0.006458081	0.017861772	0.0077992617	0.014704665	0.009353969								FGA	2041-04-01
2040-09-10	tropics	17	0.011538513	0.021598212	0.0064606755	0.017827295	0.007784445	0.014687217	0.009347904								FGA	2041-04-01
2040-09-11	tropics	17	0.011501795	0.021498231	0.006462832	0.017785555	0.0077662864	0.014664929	0.0093292175								FGA	2041-04-01
2040-09-12	tropics	17	0.011494642	0.021397244	0.0064645857	0.017727097	0.007755929	0.014638693	0.009317577								FGA	2041-04-01
2040-09-13	tropics	17	0.011472557	0.02129525	0.0064659324	0.017651705	0.0077387188	0.014614267	0.00933052								FGA	2041-04-01
2040-09-14	tropics	17	0.01145233	0.021192256	0.00647195	0.017595777	0.007722614	0.014533309	0.009323561								FGA	2041-04-01
2040-09-15	tropics	17	0.011446338	0.021110637	0.0064882715	0.017514981	0.007706074	0.0144738	0.009311559								FGA	2041-04-01
2040-09-16	tropics	17	0.011458893	0.021048483	0.0065042027	0.017511338	0.0076890956	0.014434373	0.009299065								FGA	2041-04-01
2040-09-17	tropics	17	0.011440199	0.02098842	0.0065164994	0.017486382	0.0076818103	0.014390245	0.009302983								FGA	2041-04-01
2040-09-18	tropics	17	0.011427914	0.020927181	0.0065202913	0.017449258	0.0076965955	0.014378685	0.009298926								FGA	2041-04-01
2040-09-19	tropics	17	0.0114134615	0.020864766	0.0065236688	0.017377205	0.0077321455	0.014354213	0.009288823								FGA	2041-04-01
2040-09-20	tropics	17	0.01140495	0.02080117	0.006524537	0.01736966	0.0077512343	0.014343019	0.009261113								FGA	2041-04-01
2040-09-21	tropics	17	0.01138786	0.02073639	0.006510344	0.017330823	0.0077697905	0.014310809	0.009215996								FGA	2041-04-01
2040-09-22	tropics	17	0.011355666	0.02067043	0.006484952	0.01728797	0.0077887983	0.014255096	0.009198935								FGA	2041-04-01
2040-09-23	tropics	17	0.011294558	0.020580638	0.0064782174	0.017223421	0.0077804225	0.014186399	0.009192025								FGA	2041-04-01
2040-09-24	tropics	17	0.011268184	0.020486154	0.0064749136	0.017171158	0.0077598803	0.014124267	0.009182092								FGA	2041-04-01
2040-09-25	tropics	17	0.011279499	0.020392684	0.006469847	0.017084014	0.007769009	0.014081354	0.009152397								FGA	2041-04-01
2040-09-26	tropics	17	0.011228206	0.020301571	0.006459794	0.01705517	0.0077828914	0.0140311625	0.009110943								FGA	2041-04-01
2040-09-27	tropics	17	0.011197484	0.020209359	0.00646074	0.016937569	0.007798041	0.013988797	0.009075839								FGA	2041-04-01
2040-09-28	tropics	17	0.011171574	0.020116048	0.0064547407	0.016810749	0.0077928198	0.013949121	0.009044603								FGA	2041-04-01
2040-09-29	tropics	17	0.011153823	0.02002165	0.0064478307	0.01678474	0.0077818385	0.013880471	0.0090177655								FGA	2041-04-01
2040-09-30	tropics	17	0.011110051	0.019949345	0.006421598	0.016727533	0.007770773	0.01388735	0.009015195								FGA	2041-04-01
2040-10-01	tropics	17	0.011078123	0.019873649	0.006395005	0.016559565	0.007760005	0.013874029	0.009019455								FGA	2041-04-01
2040-10-02	tropics	17	0.011039287	0.019738737	0.006368053	0.016391832	0.0077520655	0.013814182	0.008985257								FGA	2041-04-01
2040-10-03	tropics	17	0.011021789	0.019603591	0.006339928	0.016282808	0.0077615753	0.013739024	0.008957019								FGA	2041-04-01
2040-10-04	tropics	17	0.010999685	0.01946821	0.006311207	0.01624032	0.007770417	0.013679255	0.00889628								FGA	2041-04-01
2040-10-05	tropics	17	0.010966625	0.019332608	0.006282142	0.016216427	0.007744172	0.013596847	0.008844286								FGA	2041-04-01
2040-10-06	tropics	17	0.0109259365	0.019196786	0.006252736	0.01620077	0.0077051045	0.013577307	0.008852741								FGA	2041-04-01
2040-10-07	tropics	17	0.010894643	0.019060751	0.0062229927	0.016085392	0.007668877	0.013563834	0.008859022								FGA	2041-04-01
2040-10-08	tropics	17	0.010869781	0.018928569	0.0061929123	0.01597072	0.0076707182	0.013501054	0.00882924								FGA	2041-04-01
2040-10-09	tropics	17	0.010831408	0.018840468	0.006162501	0.015912898	0.007647212	0.013426254	0.008796832								FGA	2041-04-01
2040-10-10	tropics	17	0.01080095	0.018765453	0.0061521027	0.015859438	0.0076126307	0.013425721	0.008762561								FGA	2041-04-01
2040-10-11	tropics	17	0.010779802	0.018689295	0.0061415606	0.01579543	0.0075844587	0.013384551	0.008733251								FGA	2041-04-01
2040-10-12	tropics	17	0.0107475985	0.018611996	0.006130555	0.015705507	0.007537675	0.013337908	0.008712597								FGA	2041-04-01
2040-10-13	tropics	17	0.010720151	0.01853356	0.006119085	0.015594719	0.007502448	0.013286214	0.008687727								FGA	2041-04-01
2040-10-14	tropics	17	0.010683846	0.018453997	0.0061063105	0.015514826	0.0074667963	0.013233648	0.008670149								FGA	2041-04-01
2040-10-15	tropics	17	0.010641109	0.018373318	0.0060906564	0.015495575	0.0074219825	0.013180213	0.008638391								FGA	2041-04-01
2040-10-16	tropics	17	0.010603633	0.018291531	0.0060740868	0.015474946	0.0073811454	0.013125918	0.008599058								FGA	2041-04-01
2040-10-17	tropics	17	0.010547118	0.01820864	0.0060503767	0.015400791	0.007344135	0.013067471	0.00855695								FGA	2041-04-01
2040-10-18	tropics	17	0.010497259	0.018124662	0.0060231043	0.015311895	0.0073083625	0.012997608	0.008554533								FGA	2041-04-01
2040-10-19	tropics	17	0.010460808	0.018039605	0.0059954138	0.015197246	0.00728218	0.012944084	0.008516255								FGA	2041-04-01
2040-10-20	tropics	17	0.010414964	0.01796165	0.005975036	0.015094968	0.0072505674	0.012866134	0.0084695555								FGA	2041-04-01
2040-10-21	tropics	17	0.010346608	0.017932076	0.0059575737	0.014992161	0.0072326898	0.01279372	0.008411568								FGA	2041-04-01
2040-10-22	tropics	17	0.010310634	0.017906956	0.005939664	0.014906518	0.007202451	0.0127056055	0.008358183								FGA	2041-04-01
2040-10-23	tropics	17	0.010291843	0.017840594	0.0059128036	0.014805763	0.007162053	0.012621458	0.008304777								FGA	2041-04-01
2040-10-24	tropics	17	0.010268401	0.017722238	0.0058827745	0.014723571	0.0071232785	0.012536831	0.008267174								FGA	2041-04-01
2040-10-25	tropics	17	0.010219388	0.017603204	0.005851345	0.014631398	0.007100646	0.0124903275	0.008233189								FGA	2041-04-01
2040-10-26	tropics	17	0.010180404	0.017486341	0.005809071	0.0145241665	0.0070522637	0.0123831285	0.008198688								FGA	2041-04-01
2040-10-27	tropics	17	0.010137297	0.017393986	0.00576584	0.014425276	0.0070398436	0.012319646	0.008180835								FGA	2041-04-01
2040-10-28	tropics	17	0.010072868	0.017308475	0.005722422	0.014325795	0.0069712377	0.012273175	0.008154694								FGA	2041-04-01
2040-10-29	tropics	17	0.010023732	0.017221905	0.005678823	0.014225736	0.0069146752	0.012216381	0.008126862								FGA	2041-04-01
2040-10-30	tropics	17	0.009948581	0.017134286	0.0056390953	0.014125121	0.0068835346	0.012185702	0.0081065735								FGA	2041-04-01
2040-10-31	tropics	17	0.009900603	0.01704564	0.005608586	0.014031889	0.0068592974	0.012099709	0.008082615								FGA	2041-04-01
2040-11-01	tropics	17	0.009851682	0.01695623	0.005589925	0.013980738	0.006834534	0.012078368	0.008059766								FGA	2041-04-01
2040-11-02	tropics	17	0.00980521	0.016866196	0.005573656	0.013972131	0.0068003125	0.011997428	0.008028083								FGA	2041-04-01
2040-11-03	tropics	17	0.009766387	0.016775172	0.0055562654	0.013900348	0.0067547904	0.011915914	0.0079866545								FGA	2041-04-01
2040-11-04	tropics	17	0.009726011	0.016683182	0.0055358787	0.013822129	0.006707394	0.011838332	0.007942778								FGA	2041-04-01
2040-11-05	tropics	17	0.009683497	0.016590238	0.0055094035	0.013753081	0.0066598244	0.0117632095	0.007918461								FGA	2041-04-01
2040-11-06	tropics	17	0.009634029	0.01649636	0.0054825074	0.013712179	0.006633473	0.011710761	0.007877129								FGA	2041-04-01
2040-11-07	tropics	17	0.009581602	0.016401568	0.00544699	0.0136448685	0.0065990523	0.011669336	0.007841846								FGA	2041-04-01
2040-11-08	tropics	17	0.009534501	0.016303474	0.0054109767	0.013565225	0.006526844	0.011636663	0.0077963965								FGA	2041-04-01
2040-11-09	tropics	17	0.009477571	0.01619132	0.005374136	0.01348483	0.006468489	0.011572799	0.0077600195								FGA	2041-04-01
2040-11-10	tropics	17	0.009428684	0.016078483	0.0053363494	0.013401913	0.006422333	0.011473574	0.007727722								FGA	2041-04-01
2040-11-11	tropics	17	0.009379754	0.015979042	0.005298302	0.013312069	0.006372948	0.011389975	0.0076835626								FGA	2041-04-01
2040-11-12	tropics	17	0.009329845	0.015882876	0.005243852	0.013228455	0.006322857	0.011333125	0.007640077								FGA	2041-04-01
2040-11-13	tropics	17	0.009279361	0.01578824	0.005194883	0.013150815	0.0062576295	0.011283049	0.0076150526								FGA	2041-04-01
2040-11-14	tropics	17	0.009209224	0.015677545	0.005157109	0.013118631	0.0062001985	0.011184279	0.007562692								FGA	2041-04-01
2040-11-15	tropics	17	0.009157209	0.015560843	0.0051170164	0.013098712	0.0061603333	0.011078241	0.0075153983								FGA	2041-04-01
2040-11-16	tropics	17	0.009106448	0.015452317	0.005071195	0.012963277	0.006106938	0.010993915	0.0074582635								FGA	2041-04-01
2040-11-17	tropics	17	0.009053798	0.015377175	0.005029038	0.012891459	0.0060548997	0.010899502	0.007393809								FGA	2041-04-01
2040-11-18	tropics	17	0.008982023	0.015362178	0.00498679	0.012776618	0.0060058497	0.01079808	0.00732926								FGA	2041-04-01
2040-11-19	tropics	17	0.00891384	0.015317453	0.0049444567	0.012659379	0.005955258	0.01072124	0.0072624083								FGA	2041-04-01
2040-11-20	tropics	17	0.00885286	0.015247699	0.0049020476	0.012540368	0.0059065633	0.010648935	0.007193781								FGA	2041-04-01
2040-11-21	tropics	17	0.008776326	0.0151261445	0.0048595713	0.012444406	0.005858587	0.010581146	0.0071474626								FGA	2041-04-01
2040-11-22	tropics	17	0.008703943	0.015032174	0.0048170355	0.012404089	0.005811742	0.010532564	0.0071025407								FGA	2041-04-01
2040-11-23	tropics	17	0.008639725	0.0149491755	0.0047744475	0.012398424	0.005768596	0.0104798535	0.00704881								FGA	2041-04-01
2040-11-24	tropics	17	0.008573817	0.014865337	0.0047318176	0.012319917	0.00572135	0.010375076	0.006997904								FGA	2041-04-01
2040-11-25	tropics	17	0.008498886	0.014780681	0.004689154	0.012226706	0.005665055	0.010329588	0.0069404505								FGA	2041-04-01
2040-11-26	tropics	17	0.008424906	0.014694156	0.00465554	0.012130864	0.005613668	0.010260562	0.0068756174								FGA	2041-04-01
2040-11-27	tropics	17	0.008357646	0.0145994695	0.0046147993	0.012018141	0.0055658086	0.010149317	0.006807925								FGA	2041-04-01
2040-11-28	tropics	17	0.008303482	0.014490771	0.0045660078	0.011945341	0.0055315103	0.010057829	0.006744001								FGA	2041-04-01
2040-11-29	tropics	17	0.008234456	0.01437632	0.0045287963	0.011851047	0.005484556	0.009969495	0.0066793994								FGA	2041-04-01
2040-11-30	tropics	17	0.0081817135	0.014270312	0.0044915266	0.011775043	0.005442976	0.0099099055	0.0066148303								FGA	2041-04-01
2040-12-01	tropics	17	0.008122537	0.014212348	0.004453536	0.011681667	0.0053927316	0.009832421	0.006550306								FGA	2041-04-01
2040-12-02	tropics	17	0.008042649	0.014153546	0.0044155032	0.011587562	0.0053485883	0.00977003	0.006488356								FGA	2041-04-01
2040-12-03	tropics	17	0.007981507	0.014094379	0.004377446	0.011555464	0.0053018564	0.009676326	0.0064271586								FGA	2041-04-01
2040-12-04	tropics	17	0.007939093	0.014034358	0.0043393737	0.011530241	0.005252589	0.009601878	0.0063618524								FGA	2041-04-01
2040-12-05	tropics	17	0.007870132	0.013973497	0.004301292	0.011471735	0.005204026	0.009527732	0.006303481								FGA	2041-04-01
2040-12-06	tropics	17	0.007821973	0.013894889	0.0042572594	0.011409253	0.0051555256	0.009443149	0.006242496								FGA	2041-04-01
2040-12-07	tropics	17	0.0077803265	0.013814789	0.0042078733	0.011329647	0.0051050535	0.009354253	0.0061832634								FGA	2041-04-01
2040-12-08	tropics	17	0.0077153146	0.013720784	0.0041576233	0.011199787	0.005045374	0.009273652	0.00613024								FGA	2041-04-01
2040-12-09	tropics	17	0.007638408	0.013611437	0.004107003	0.011075269	0.0049869516	0.009227255	0.006086421								FGA	2041-04-01
2040-12-10	tropics	17	0.0075588115	0.013548758	0.0040566865	0.011020379	0.0049303416	0.009172197	0.0060204165								FGA	2041-04-01
2040-12-11	tropics	17	0.0074993903	0.0134861935	0.004008544	0.01096469	0.004875865	0.009090779	0.005965532								FGA	2041-04-01
2040-12-12	tropics	17	0.007434635	0.013408112	0.0039639873	0.010907472	0.00482961	0.009011849	0.005913193								FGA	2041-04-01
2040-12-13	tropics	17	0.0073808967	0.01332517	0.0039139306	0.0108473115	0.004777044	0.008921545	0.0058503235								FGA	2041-04-01
2040-12-14	tropics	17	0.0072996593	0.013241742	0.0038586657	0.010786471	0.0047414107	0.008829844	0.0057837917								FGA	2041-04-01
2040-12-15	tropics	17	0.0072400984	0.013157844	0.0038038234	0.010710296	0.0047086827	0.008740062	0.005720995								FGA	2041-04-01
2040-12-16	tropics	17	0.0071874745	0.013046484	0.0037493394	0.010603135	0.004663528	0.00864992	0.0056595895								FGA	2041-04-01
2040-12-17	tropics	17	0.00710416	0.012932493	0.0036951848	0.010444874	0.004607555	0.008577817	0.005582412								FGA	2041-04-01
2040-12-18	tropics	17	0.00703464	0.012834562	0.0036422668	0.010291506	0.0045519182	0.008506682	0.005515976								FGA	2041-04-01
2040-12-19	tropics	17	0.0069742873	0.012741653	0.0035882297	0.010229373	0.0044966233	0.008429933	0.0054588495								FGA	2041-04-01
2040-12-20	tropics	17	0.0069057895	0.012663726	0.003543582	0.010149479	0.0044416767	0.008367023	0.0053931256								FGA	2041-04-01
2040-12-21	tropics	17	0.006827452	0.012557099	0.0034991717	0.01010313	0.004386904	0.00831103	0.00533765								FGA	2041-04-01
2040-12-22	tropics	17	0.006771803	0.012422258	0.0034550228	0.010031437	0.004340821	0.008237606	0.0052968245								FGA	2041-04-01
2040-12-23	tropics	17	0.006714333	0.0123104025	0.0034111412	0.009924111	0.00428905	0.008145407	0.005243728								FGA	2041-04-01
2040-12-24	tropics	17	0.006657509	0.012221963	0.0033675346	0.00983828	0.0042400532	0.00804851	0.0051984657								FGA	2041-04-01
2040-12-25	tropics	17	0.0065944293	0.012152265	0.003324208	0.009747234	0.004191636	0.007958467	0.005166305								FGA	2041-04-01
2040-12-26	tropics	17	0.006521017	0.012088307	0.0032811686	0.009673836	0.004143544	0.007881132	0.005110724								FGA	2041-04-01
2040-12-27	tropics	17	0.006460732	0.012010553	0.003234488	0.009615808	0.004097969	0.007808883	0.005049266								FGA	2041-04-01
2040-12-28	tropics	17	0.006410095	0.011917103	0.0031838343	0.009527743	0.0040507596	0.0077233147	0.0049840612								FGA	2041-04-01
2040-12-29	tropics	17	0.006341447	0.011837256	0.0031383252	0.009468134	0.0039988593	0.0076464857	0.004928085								FGA	2041-04-01
2040-12-30	tropics	17	0.006270267	0.011796616	0.0030979419	0.009405807	0.003952854	0.0075741275	0.0048619993								FGA	2041-04-01
2040-12-31	tropics	17	0.006211533	0.011755234	0.0030578799	0.009322295	0.0039094714	0.0075018955	0.0048070843								FGA	2041-04-01
2041-01-01	tropics	17	0.006147988	0.011710204	0.0030177706	0.009217146	0.0038625265	0.0074277357	0.0047639767								FGA	2041-04-01
2041-01-02	tropics	17	0.006086859	0.0116360495	0.00297202	0.009112447	0.0038158356	0.007355762	0.0047191395								FGA	2041-04-01
2041-01-03	tropics	17	0.0060218023	0.011561481	0.0029218954	0.009008214	0.0037698566	0.0072872844	0.0046708193								FGA	2041-04-01
2041-01-04	tropics	17	0.0059561227	0.011486518	0.0028723911	0.008904468	0.0037243157	0.007219676	0.0046085548								FGA	2041-04-01
2041-01-05	tropics	17	0.0058907093	0.0114111835	0.0028235074	0.0087972935	0.0036790285	0.0071480973	0.0045462227								FGA	2041-04-01
2041-01-06	tropics	17	0.0058269533	0.011335496	0.0027752423	0.00870318	0.0036288744	0.0070767095	0.004481568								FGA	2041-04-01
2041-01-07	tropics	17	0.005762147	0.011261135	0.0027275952	0.008646055	0.0035784726	0.0070019057	0.004421873								FGA	2041-04-01
2041-01-08	tropics	17	0.0057020183	0.011186558	0.0026805648	0.008588776	0.0035257356	0.0069273855	0.004368051								FGA	2041-04-01
2041-01-09	tropics	17	0.005644274	0.011111666	0.0026341486	0.008498259	0.003482373	0.0068531763	0.0043088095								FGA	2041-04-01
2041-01-10	tropics	17	0.0055830562	0.011036477	0.0025883461	0.008398564	0.0034304017	0.0067900117	0.0042529237								FGA	2041-04-01
2041-01-11	tropics	17	0.0055215447	0.010961015	0.0025431544	0.008350097	0.0033896163	0.006709737	0.004202402								FGA	2041-04-01
2041-01-12	tropics	17	0.005465101	0.010885295	0.0025027194	0.008301323	0.0033506535	0.0066255797	0.0041428693								FGA	2041-04-01
2041-01-13	tropics	17	0.0054072747	0.010809341	0.0024631112	0.008247884	0.0033122748	0.006553104	0.004085915								FGA	2041-04-01
2041-01-14	tropics	17	0.005345378	0.0107331695	0.0024236776	0.008195121	0.003271152	0.006499257	0.004035797								FGA	2041-04-01
2041-01-15	tropics	17	0.0052888966	0.0106433015	0.0023846433	0.008146956	0.0032236632	0.006441031	0.003985996								FGA	2041-04-01
2041-01-16	tropics	17	0.0052216277	0.010539019	0.0023460994	0.008095783	0.003180375	0.00638288	0.00393652								FGA	2041-04-01
2041-01-17	tropics	17	0.0051546805	0.010435034	0.0023080443	0.008002432	0.0031298534	0.0063274587	0.0038873742								FGA	2041-04-01
2041-01-18	tropics	17	0.0050882576	0.0103313625	0.002270476	0.007905445	0.0030855695	0.00625651	0.003838565								FGA	2041-04-01
2041-01-19	tropics	17	0.005023123	0.010228023	0.002233392	0.0078092017	0.003045172	0.006195999	0.0037900982								FGA	2041-04-01
2041-01-20	tropics	17	0.004959046	0.010125033	0.002197417	0.0077103614	0.0030051402	0.006131194	0.0037371353								FGA	2041-04-01
2041-01-21	tropics	17	0.00489542	0.010037419	0.0021626228	0.0076460764	0.0029654747	0.0060609393	0.003686611								FGA	2041-04-01
2041-01-22	tropics	17	0.004834915	0.009954751	0.0021282528	0.007581868	0.002925766	0.005992075	0.0036373246								FGA	2041-04-01
2041-01-23	tropics	17	0.004774727	0.009872322	0.002094306	0.007517748	0.0028862555	0.005932581	0.003588173								FGA	2041-04-01
2041-01-24	tropics	17	0.00471686	0.009792851	0.0020607812	0.007453725	0.0028468461	0.005871704	0.0035397196								FGA	2041-04-01
2041-01-25	tropics	17	0.0046567693	0.009713484	0.0020276774	0.007373105	0.0028078898	0.0058111222	0.003491243								FGA	2041-04-01
2041-01-26	tropics	17	0.00459689	0.009637114	0.0019949933	0.0073152496	0.0027703352	0.0057455134	0.0034401924								FGA	2041-04-01
2041-01-27	tropics	17	0.0045382194	0.009584715	0.0019627272	0.0072672837	0.0027331454	0.005693944	0.0033906621								FGA	2041-04-01
2041-01-28	tropics	17	0.00447864	0.009532016	0.0019323074	0.007214226	0.002695755	0.005630914	0.0033363355								FGA	2041-04-01
2041-01-29	tropics	17	0.004425955	0.009479035	0.0019055817	0.007141933	0.0026545671	0.0055628414	0.003286763								FGA	2041-04-01
2041-01-30	tropics	17	0.0043707853	0.009425784	0.0018791311	0.0070842775	0.0026138732	0.0055194004	0.0032469106								FGA	2041-04-01
2041-01-31	tropics	17	0.0043148333	0.00937228	0.0018529549	0.0070266947	0.0025792415	0.0054750787	0.0032009478								FGA	2041-04-01
2041-02-01	tropics	17	0.0042608753	0.009318533	0.0018270538	0.006969196	0.002545297	0.0054094843	0.0031663578								FGA	2041-04-01
2041-02-02	tropics	17	0.00420663	0.0092645595	0.0018014271	0.0068886015	0.0025121495	0.005342372	0.0031232703								FGA	2041-04-01
2041-02-03	tropics	17	0.004152928	0.0092103705	0.0017760746	0.00679669	0.0024796282	0.005285092	0.0030801215								FGA	2041-04-01
2041-02-04	tropics	17	0.0041031726	0.009149091	0.0017509959	0.006709343	0.0024471278	0.0052278712	0.0030409787								FGA	2041-04-01
2041-02-05	tropics	17	0.0040525347	0.0090820715	0.0017261904	0.006656312	0.0024039897	0.005173515	0.0029984757								FGA	2041-04-01
2041-02-06	tropics	17	0.0039957566	0.009015104	0.0017016575	0.0066033336	0.0023726774	0.0051207235	0.0029512187								FGA	2041-04-01
2041-02-07	tropics	17	0.00394282	0.0089481985	0.001677397	0.0065503297	0.0023371193	0.0050602853	0.0029109037								FGA	2041-04-01
2041-02-08	tropics	17	0.0038902746	0.008881368	0.0016534078	0.00647786	0.0023026813	0.004987229	0.0028689024								FGA	2041-04-01
2041-02-09	tropics	17	0.0038403152	0.00881462	0.0016289063	0.0063949293	0.0022633004	0.004922678	0.002830161								FGA	2041-04-01
2041-02-10	tropics	17	0.003789913	0.008747968	0.0016029356	0.0063068643	0.0022244651	0.004866675	0.002795034								FGA	2041-04-01
2041-02-11	tropics	17	0.0037399966	0.008681823	0.001576935	0.006226992	0.002187	0.00482258	0.0027614846								FGA	2041-04-01
2041-02-12	tropics	17	0.0036905645	0.008594421	0.0015512138	0.006154549	0.0021505007	0.004775667	0.0027182281								FGA	2041-04-01
2041-02-13	tropics	17	0.0036416173	0.008506697	0.0015243969	0.006078596	0.0021213817	0.004722788	0.0026750858								FGA	2041-04-01
2041-02-14	tropics	17	0.0035936572	0.008422836	0.001497668	0.006006239	0.0020932527	0.0046641733	0.0026282866								FGA	2041-04-01
2041-02-15	tropics	17	0.003545178	0.008356186	0.0014713478	0.0059531196	0.0020642953	0.004604577	0.002584685								FGA	2041-04-01
2041-02-16	tropics	17	0.0034976858	0.008289726	0.001445432	0.005900226	0.0020292508	0.0045534573	0.0025456597								FGA	2041-04-01
2041-02-17	tropics	17	0.0034514745	0.0082235085	0.001419917	0.0058466485	0.001994708	0.004510437	0.0025111104								FGA	2041-04-01
2041-02-18	tropics	17	0.0034006513	0.008158352	0.0013947979	0.005779922	0.0019606624	0.0044666594	0.002477239								FGA	2041-04-01
2041-02-19	tropics	17	0.0033462006	0.008093397	0.0013687259	0.0057305666	0.0019271097	0.0044213645	0.0024437143								FGA	2041-04-01
2041-02-20	tropics	17	0.0032994025	0.008028647	0.0013427393	0.0056806332	0.0018940462	0.0043677636	0.0024105373								FGA	2041-04-01
2041-02-21	tropics	17	0.0032578462	0.007964112	0.0013171874	0.0056136423	0.0018614668	0.0043103416	0.0023777077								FGA	2041-04-01
2041-02-22	tropics	17	0.003214899	0.0078997975	0.0012920651	0.00556173	0.001829368	0.004250472	0.0023452244								FGA	2041-04-01
2041-02-23	tropics	17	0.003163437	0.007835711	0.0012673672	0.0054990016	0.0017977448	0.004189033	0.0023095382								FGA	2041-04-01
2041-02-24	tropics	17	0.0031200906	0.0077718594	0.0012430883	0.0054344917	0.0017665927	0.0041370858	0.0022726087								FGA	2041-04-01
2041-02-25	tropics	17	0.0030801655	0.007708249	0.001219223	0.005383706	0.0017359076	0.004086015	0.0022373348								FGA	2041-04-01
2041-02-26	tropics	17	0.0030382406	0.0076448857	0.0011957666	0.005340045	0.0017058084	0.0040319804	0.0021991231								FGA	2041-04-01
2041-02-27	tropics	17	0.0029935702	0.0075817755	0.0011727135	0.0052965474	0.0016766676	0.0039790636	0.0021610297								FGA	2041-04-01
2041-02-28	tropics	17	0.0029549433	0.007518925	0.0011492645	0.005253218	0.0016479623	0.0039326577	0.002123952								FGA	2041-04-01
2041-03-01	tropics	17	0.0029185107	0.00745634	0.0011248409	0.005209832	0.001619687	0.0038866443	0.0020874229								FGA	2041-04-01
2041-03-02	tropics	17	0.0028795907	0.007394024	0.0011008977	0.0051652407	0.0015918376	0.0038412274	0.0020514391								FGA	2041-04-01
2041-03-03	tropics	17	0.0028370838	0.0073319846	0.001077427	0.0051204264	0.0015644144	0.003796388	0.0020159944								FGA	2041-04-01
2041-03-04	tropics	17	0.0027937246	0.007270226	0.0010544212	0.0050610607	0.0015367534	0.0037563578	0.0019810838								FGA	2041-04-01
2041-03-05	tropics	17	0.0027568415	0.007208752	0.0010318719	0.0050003943	0.0015092663	0.0037160327	0.0019474704								FGA	2041-04-01
2041-03-06	tropics	17	0.0027208172	0.00714757	0.0010097718	0.0049403	0.0014822179	0.0036730093	0.0019137453								FGA	2041-04-01
2041-03-07	tropics	17	0.0026878007	0.0070866817	0.0009881135	0.004880778	0.001455603	0.0036312693	0.0018786757								FGA	2041-04-01
2041-03-08	tropics	17	0.0026529452	0.007026094	0.00096688926	0.0048218253	0.0014294601	0.0035901507	0.0018451225								FGA	2041-04-01
2041-03-09	tropics	17	0.0026172213	0.006965809	0.00094609143	0.0047625955	0.0014041474	0.0035493688	0.0018163656								FGA	2041-04-01
2041-03-10	tropics	17	0.0025793395	0.006905831	0.00092571304	0.004702544	0.0013797119	0.0035079042	0.0017885639								FGA	2041-04-01
2041-03-11	tropics	17	0.0025405851	0.006846166	0.0009057464	0.004654434	0.0013557579	0.0034605945	0.0017598156								FGA	2041-04-01
2041-03-12	tropics	17	0.0025023292	0.0067837187	0.00088618475	0.0046072407	0.0013359091	0.0034166889	0.0017301381								FGA	2041-04-01
2041-03-13	tropics	17	0.0024653086	0.0067181834	0.0008669747	0.004560389	0.0013169089	0.003370334	0.0017009052								FGA	2041-04-01
2041-03-14	tropics	17	0.0024290406	0.0066530867	0.0008480721	0.0045138802	0.0012907153	0.0033263853	0.0016721123								FGA	2041-04-01
2041-03-15	tropics	17	0.0023940878	0.0065884297	0.000829559	0.0044677155	0.0012650086	0.003287783	0.0016445494								FGA	2041-04-01
2041-03-16	tropics	17	0.0023595677	0.006524217	0.00081142836	0.004421896	0.0012397819	0.003248256	0.0016193966								FGA	2041-04-01
2041-03-17	tropics	17	0.0023254766	0.006460448	0.00079367316	0.004370243	0.0012181856	0.0032101162	0.001596281								FGA	2041-04-01
2041-03-18	tropics	17	0.0022918119	0.0063971262	0.0007779971	0.0043135034	0.0011982664	0.003164592	0.001573622								FGA	2041-04-01
2041-03-19	tropics	17	0.0022585702	0.0063342517	0.0007633163	0.004257397	0.0011786319	0.0031225088	0.0015512408								FGA	2041-04-01
2041-03-20	tropics	17	0.002224015	0.006271828	0.0007488927	0.004201922	0.0011592788	0.0030796407	0.0015291352								FGA	2041-04-01
2041-03-21	tropics	17	0.0021914528	0.0062098545	0.0007347227	0.0041523986	0.0011402885	0.0030370224	0.0015073025								FGA	2041-04-01
2041-03-22	tropics	17	0.0021639043	0.0061483346	0.00072080217	0.0041119694	0.0011195663	0.0030019258	0.001485741								FGA	2041-04-01
2041-03-23	tropics	17	0.0021322644	0.0060872673	0.00070735166	0.0040718294	0.0010985407	0.0029661776	0.0014630696								FGA	2041-04-01
2041-03-24	tropics	17	0.0020993957	0.006026655	0.0006949593	0.004031977	0.0010778765	0.0029307872	0.0014399253								FGA	2041-04-01
2041-03-25	tropics	17	0.0020686416	0.005966498	0.00068276754	0.003992416	0.0010575682	0.0028938558	0.0014151041								FGA	2041-04-01
2041-03-26	tropics	17	0.0020397222	0.0059067956	0.0006707736	0.0039531444	0.0010392264	0.0028535994	0.0013902674								FGA	2041-04-01
2041-03-27	tropics	17	0.0020111564	0.0058475505	0.00065897516	0.0039141634	0.0010188337	0.0028138324	0.0013658365								FGA	2041-04-01
2041-03-28	tropics	17	0.0019829415	0.005788761	0.0006473695	0.0038754733	0.0010002065	0.0027751457	0.0013430975								FGA	2041-04-01
2041-03-29	tropics	17	0.0019550743	0.0057304297	0.00063595385	0.0038370749	0.0009813812	0.0027411315	0.001320913								FGA	2041-04-01
2041-03-30	tropics	17	0.001928061	0.0056725545	0.0006247258	0.0037989672	0.00096408	0.002701342	0.0013002557								FGA	2041-04-01
2041-03-31	tropics	17	0.00190346	0.0056151366	0.0006136828	0.0037611513	0.0009477153	0.0026659362	0.0012777211								FGA	2041-04-01
2040-04-01	tropics	28	1.1445472e-14	1.9052937e-14	7.141295e-15	1.5827407e-14	8.362094e-15	1.33115344e-14	9.7191085e-15								FGA	2041-04-01
2040-04-02	tropics	28	1.0716937e-14	1.7828985e-14	6.687955e-15	1.4814235e-14	7.831398e-15	1.2461528e-14	9.100524e-15								FGA	2041-04-01
2040-04-03	tropics	28	1.0838359e-14	1.7864137e-14	6.785378e-15	1.4889431e-14	7.9506205e-15	1.2603513e-14	9.210087e-15								FGA	2041-04-01
2040-04-04	tropics	28	1.1158058e-14	1.8268022e-14	7.061627e-15	1.520163e-14	8.2499645e-15	1.29604545e-14	9.512506e-15								FGA	2041-04-01
2040-04-05	tropics	28	1.0950302e-14	1.7855402e-14	6.9690174e-15	1.4888352e-14	8.124916e-15	1.2705694e-14	9.347117e-15								FGA	2041-04-01
2040-04-06	tropics	28	1.0735416e-14	1.740767e-14	6.859512e-15	1.4546143e-14	7.978393e-15	1.243296e-14	9.176591e-15								FGA	2041-04-01
2040-04-07	tropics	28	1.0728496e-14	1.7249289e-14	6.8838304e-15	1.4456984e-14	7.984549e-15	1.2404887e-14	9.175429e-15								FGA	2041-04-01
2040-04-08	tropics	28	1.0717425e-14	1.7095932e-14	6.913178e-15	1.4362775e-14	7.995279e-15	1.2415245e-14	9.193573e-15								FGA	2041-04-01
2040-04-09	tropics	28	1.0622408e-14	1.6849367e-14	6.8883455e-15	1.4174162e-14	7.966587e-15	1.2323398e-14	9.122078e-15								FGA	2041-04-01
2040-04-10	tropics	28	1.0533963e-14	1.6610316e-14	6.8660342e-15	1.4079347e-14	7.903388e-15	1.2204675e-14	9.046253e-15								FGA	2041-04-01
2040-04-11	tropics	28	1.047438e-14	1.6427745e-14	6.8626576e-15	1.4013109e-14	7.86994e-15	1.211913e-14	8.997582e-15								FGA	2041-04-01
2040-04-12	tropics	28	1.0412798e-14	1.6261183e-14	6.8523026e-15	1.3886904e-14	7.865835e-15	1.2036404e-14	8.967463e-15								FGA	2041-04-01
2040-04-13	tropics	28	1.0334871e-14	1.6076499e-14	6.832505e-15	1.374259e-14	7.858934e-15	1.1935139e-14	8.922801e-15								FGA	2041-04-01
2040-04-14	tropics	28	1.0265677e-14	1.588838e-14	6.8231244e-15	1.3597742e-14	7.822114e-15	1.1825217e-14	8.891209e-15								FGA	2041-04-01
2040-04-15	tropics	28	1.0206823e-14	1.5708771e-14	6.8052706e-15	1.3461215e-14	7.803353e-15	1.1697701e-14	8.848308e-15								FGA	2041-04-01
2040-04-16	tropics	28	1.01358605e-14	1.5530673e-14	6.787505e-15	1.3352147e-14	7.778459e-15	1.1583137e-14	8.79779e-15								FGA	2041-04-01
2040-04-17	tropics	28	1.0067893e-14	1.5352157e-14	6.768683e-15	1.3248959e-14	7.729743e-15	1.1486216e-14	8.747622e-15								FGA	2041-04-01
2040-04-18	tropics	28	1.0002836e-14	1.5166252e-14	6.7500576e-15	1.3141406e-14	7.678246e-15	1.1390948e-14	8.692565e-15								FGA	2041-04-01
2040-04-19	tropics	28	9.929142e-15	1.4961116e-14	6.732009e-15	1.2959627e-14	7.644793e-15	1.1290638e-14	8.6392516e-15								FGA	2041-04-01
2040-04-20	tropics	28	9.857156e-15	1.475888e-14	6.7021414e-15	1.2839299e-14	7.629406e-15	1.11661406e-14	8.596297e-15								FGA	2041-04-01
2040-04-21	tropics	28	9.793094e-15	1.4559285e-14	6.6818084e-15	1.2728385e-14	7.59281e-15	1.1042653e-14	8.537569e-15								FGA	2041-04-01
2040-04-22	tropics	28	9.7298895e-15	1.4385233e-14	6.6751422e-15	1.2620091e-14	7.533576e-15	1.0939858e-14	8.487309e-15								FGA	2041-04-01
2040-04-23	tropics	28	9.6550575e-15	1.4228734e-14	6.6414274e-15	1.2517879e-14	7.509826e-15	1.08464e-14	8.4318284e-15								FGA	2041-04-01
2040-04-24	tropics	28	9.5908075e-15	1.4073934e-14	6.6057575e-15	1.2400842e-14	7.485171e-15	1.0777507e-14	8.381542e-15								FGA	2041-04-01
2040-04-25	tropics	28	9.532138e-15	1.3923036e-14	6.5611752e-15	1.2237517e-14	7.446733e-15	1.0678632e-14	8.339797e-15								FGA	2041-04-01
2040-04-26	tropics	28	9.466869e-15	1.37737374e-14	6.5443875e-15	1.2109188e-14	7.408565e-15	1.0581905e-14	8.3008195e-15								FGA	2041-04-01
2040-04-27	tropics	28	9.415104e-15	1.36260056e-14	6.535798e-15	1.1963517e-14	7.371979e-15	1.0496636e-14	8.24404e-15								FGA	2041-04-01
2040-04-28	tropics	28	9.354317e-15	1.34540435e-14	6.5162727e-15	1.184636e-14	7.3323695e-15	1.0434579e-14	8.190634e-15								FGA	2041-04-01
2040-04-29	tropics	28	9.271775e-15	1.3318883e-14	6.4961256e-15	1.1731422e-14	7.287944e-15	1.0347139e-14	8.144041e-15								FGA	2041-04-01
2040-04-30	tropics	28	9.210247e-15	1.3157149e-14	6.4747114e-15	1.1651724e-14	7.248257e-15	1.0263757e-14	8.096972e-15								FGA	2041-04-01
2040-05-01	tropics	28	9.150304e-15	1.2971879e-14	6.448785e-15	1.153305e-14	7.199192e-15	1.01911896e-14	8.065358e-15								FGA	2041-04-01
2040-05-02	tropics	28	9.076644e-15	1.2795604e-14	6.429485e-15	1.1443739e-14	7.150304e-15	1.0124883e-14	8.0106125e-15								FGA	2041-04-01
2040-05-03	tropics	28	9.0151224e-15	1.2671291e-14	6.4103335e-15	1.131918e-14	7.114373e-15	1.0043315e-14	7.970312e-15								FGA	2041-04-01
2040-05-04	tropics	28	8.9538625e-15	1.25137725e-14	6.3958026e-15	1.1234439e-14	7.072214e-15	9.968581e-15	7.924998e-15								FGA	2041-04-01
2040-05-05	tropics	28	8.888895e-15	1.2360624e-14	6.3708922e-15	1.1121344e-14	7.0448704e-15	9.879555e-15	7.8885856e-15								FGA	2041-04-01
2040-05-06	tropics	28	8.835855e-15	1.22149275e-14	6.336158e-15	1.0987899e-14	7.0068696e-15	9.807007e-15	7.843048e-15								FGA	2041-04-01
2040-05-07	tropics	28	8.773247e-15	1.2067985e-14	6.3023093e-15	1.0863401e-14	6.9572893e-15	9.730547e-15	7.797229e-15								FGA	2041-04-01
2040-05-08	tropics	28	8.700608e-15	1.1926403e-14	6.268808e-15	1.0732309e-14	6.900339e-15	9.633307e-15	7.728459e-15								FGA	2041-04-01
2040-05-09	tropics	28	8.6110225e-15	1.1791779e-14	6.234295e-15	1.0644296e-14	6.856381e-15	9.540713e-15	7.666529e-15								FGA	2041-04-01
2040-05-10	tropics	28	8.535256e-15	1.1666194e-14	6.2046574e-15	1.0519929e-14	6.8206058e-15	9.45693e-15	7.5854596e-15								FGA	2041-04-01
2040-05-11	tropics	28	8.469516e-15	1.1553518e-14	6.1757456e-15	1.0417116e-14	6.7708544e-15	9.357073e-15	7.526655e-15								FGA	2041-04-01
2040-05-12	tropics	28	8.410998e-15	1.144018e-14	6.144979e-15	1.03015825e-14	6.716171e-15	9.276264e-15	7.455977e-15								FGA	2041-04-01
2040-05-13	tropics	28	8.339622e-15	1.1327307e-14	6.1117192e-15	1.02054875e-14	6.665211e-15	9.207404e-15	7.404572e-15								FGA	2041-04-01
2040-05-14	tropics	28	8.268129e-15	1.121564e-14	6.079878e-15	1.0114959e-14	6.6089403e-15	9.129189e-15	7.351791e-15								FGA	2041-04-01
2040-05-15	tropics	28	8.1918555e-15	1.1104554e-14	6.0486784e-15	1.0015806e-14	6.5579057e-15	9.0736185e-15	7.32115e-15								FGA	2041-04-01
2040-05-16	tropics	28	8.136587e-15	1.0989407e-14	6.0160015e-15	9.890627e-15	6.5075377e-15	8.976912e-15	7.273458e-15								FGA	2041-04-01
2040-05-17	tropics	28	8.083685e-15	1.0856133e-14	5.9875344e-15	9.785123e-15	6.460957e-15	8.89769e-15	7.211985e-15								FGA	2041-04-01
2040-05-18	tropics	28	8.0053406e-15	1.0725005e-14	5.957959e-15	9.702267e-15	6.418204e-15	8.820866e-15	7.172614e-15								FGA	2041-04-01
2040-05-19	tropics	28	7.934839e-15	1.0624934e-14	5.9288973e-15	9.582381e-15	6.3769845e-15	8.76211e-15	7.12645e-15								FGA	2041-04-01
2040-05-20	tropics	28	6.958786e-12	2.7034694e-11	1.5560915e-12	1.7327495e-11	2.7905167e-12	1.1747475e-11	4.366392e-12								FGA	2041-04-01
2040-05-21	tropics	28	1.7275182e-05	6.720385e-05	3.85599e-06	4.2954332e-05	6.930551e-06	2.9097233e-05	1.0822305e-05								FGA	2041-04-01
2040-05-22	tropics	28	0.00028527563	0.0011112614	6.360996e-05	0.0007055447	0.000114803006	0.0004812225	0.00017883546								FGA	2041-04-01
2040-05-23	tropics	28	0.00061444024	0.0023967663	0.00013689762	0.001511414	0.00024742552	0.0010385882	0.0003855771								FGA	2041-04-01
2040-05-24	tropics	28	0.0007845042	0.0030620445	0.00017459903	0.0019200384	0.00031618733	0.0013283078	0.00049005053								FGA	2041-04-01
2040-05-25	tropics	28	0.0009476908	0.0036999392	0.000211157	0.0023138407	0.0003831876	0.0016086287	0.0005905777								FGA	2041-04-01
2040-05-26	tropics	28	0.0011689786	0.0045538014	0.00026114468	0.002850441	0.00047480527	0.0019907802	0.00072898343								FGA	2041-04-01
2040-05-27	tropics	28	0.0013902145	0.00540174	0.00031120202	0.0033807661	0.00056665397	0.0023733191	0.00087010534								FGA	2041-04-01
2040-05-28	tropics	28	0.0015871443	0.006150444	0.0003557572	0.0038468505	0.0006489325	0.0027117713	0.0009963084								FGA	2041-04-01
2040-05-29	tropics	28	0.0017831088	0.006890776	0.00040028404	0.0043187863	0.00073150435	0.003047715	0.001122837								FGA	2041-04-01
2040-05-30	tropics	28	0.0019888731	0.0076585924	0.00044684557	0.004820943	0.0008171499	0.0033968934	0.0012554638								FGA	2041-04-01
2040-05-31	tropics	28	0.0021911697	0.008417485	0.00049322715	0.005312834	0.00090129	0.0037387079	0.0013827888								FGA	2041-04-01
2040-06-01	tropics	28	0.0023899616	0.009154251	0.00053866033	0.00577586	0.0009835671	0.0040664254	0.0015063889								FGA	2041-04-01
2040-06-02	tropics	28	0.0025878744	0.009883593	0.0005839151	0.006241548	0.0010653605	0.0043858485	0.0016292824								FGA	2041-04-01
2040-06-03	tropics	28	0.0027861965	0.010623446	0.0006290092	0.0067309025	0.0011471141	0.0047175707	0.001752245								FGA	2041-04-01
2040-06-04	tropics	28	0.002967753	0.011309317	0.00067159894	0.00716746	0.0012220026	0.005012268	0.0018647905								FGA	2041-04-01
2040-06-05	tropics	28	0.0029228749	0.0111169405	0.0006643193	0.007033546	0.0012033695	0.004925433	0.0018398359								FGA	2041-04-01
2040-06-06	tropics	28	0.0028246122	0.010705575	0.00064504106	0.0067639085	0.001162274	0.0047369646	0.0017842897								FGA	2041-04-01
2040-06-07	tropics	28	0.002865314	0.010845873	0.00065736467	0.006852867	0.0011807691	0.004795724	0.0018153614								FGA	2041-04-01
2040-06-08	tropics	28	0.002908325	0.0110067455	0.0006705738	0.006955613	0.0012005602	0.004854601	0.0018482934								FGA	2041-04-01
2040-06-09	tropics	28	0.00289554	0.010958952	0.0006717436	0.0069247126	0.0011989847	0.004835295	0.0018475037								FGA	2041-04-01
2040-06-10	tropics	28	0.0028892737	0.01090537	0.0006728143	0.0069020567	0.0011973153	0.0048094625	0.0018422202								FGA	2041-04-01
2040-06-11	tropics	28	0.0029012104	0.010933989	0.00067871984	0.006930961	0.001204115	0.0048223464	0.0018553003								FGA	2041-04-01
2040-06-12	tropics	28	0.0029168495	0.0109628765	0.0006845613	0.006949044	0.001206757	0.004836409	0.0018683107								FGA	2041-04-01
2040-06-13	tropics	28	0.0029240435	0.0109496415	0.00068851584	0.0069366307	0.0012072506	0.0048405584	0.0018715772								FGA	2041-04-01
2040-06-14	tropics	28	0.002930433	0.010929633	0.0006925693	0.0069271545	0.0012150384	0.004836464	0.0018714145								FGA	2041-04-01
2040-06-15	tropics	28	0.0029298435	0.010922065	0.00069739984	0.006943605	0.0012221113	0.0048382194	0.0018733449								FGA	2041-04-01
2040-06-16	tropics	28	0.002922893	0.010913887	0.0007021987	0.0069593494	0.0012267351	0.004847	0.0018768185								FGA	2041-04-01
2040-06-17	tropics	28	0.002923856	0.0109006455	0.00070671714	0.00697194	0.001230636	0.004844482	0.001881086								FGA	2041-04-01
2040-06-18	tropics	28	0.0029353374	0.010887529	0.00071128196	0.0069846613	0.0012340785	0.0048384685	0.0018862516								FGA	2041-04-01
2040-06-19	tropics	28	0.0029430822	0.010876882	0.00071598386	0.0069984994	0.0012377284	0.004833254	0.0018928973								FGA	2041-04-01
2040-06-20	tropics	28	0.002953488	0.010822496	0.00072069024	0.0070121316	0.0012413479	0.0048272805	0.0018992114								FGA	2041-04-01
2040-06-21	tropics	28	0.0029610326	0.010767933	0.000725368	0.007025194	0.0012448664	0.004831927	0.0019025287								FGA	2041-04-01
2040-06-22	tropics	28	0.00296941	0.010713514	0.00073006994	0.0070382156	0.0012483784	0.0048390813	0.0019068185								FGA	2041-04-01
2040-06-23	tropics	28	0.0029809666	0.010659484	0.0007348078	0.007046706	0.0012519092	0.004846291	0.0019112267								FGA	2041-04-01
2040-06-24	tropics	28	0.0029848968	0.010605512	0.00073955976	0.007052323	0.0012554198	0.004845056	0.0019156014								FGA	2041-04-01
2040-06-25	tropics	28	0.002980939	0.010551506	0.00074432144	0.0070575387	0.0012581694	0.004843436	0.0019190272								FGA	2041-04-01
2040-06-26	tropics	28	0.0029766436	0.010497591	0.0007491009	0.0070629334	0.0012603236	0.004837652	0.0019248913								FGA	2041-04-01
2040-06-27	tropics	28	0.0029761898	0.010443802	0.0007538994	0.0070702955	0.0012624596	0.0048306687	0.0019285228								FGA	2041-04-01
2040-06-28	tropics	28	0.0029810476	0.01042279	0.00075871294	0.0070775095	0.0012645713	0.004831502	0.0019327775								FGA	2041-04-01
2040-06-29	tropics	28	0.0029904833	0.010401928	0.00076354074	0.007087217	0.0012666569	0.0048300344	0.0019369995								FGA	2041-04-01
2040-06-30	tropics	28	0.0030062706	0.010380906	0.00076838396	0.0071148453	0.0012679864	0.0048144804	0.0019381401								FGA	2041-04-01
2040-07-01	tropics	28	0.0030123251	0.010359724	0.0007714468	0.007142442	0.0012680647	0.0047995737	0.0019391477								FGA	2041-04-01
2040-07-02	tropics	28	0.0030178893	0.01033837	0.0007727391	0.0071665966	0.0012681149	0.004791566	0.0019407745								FGA	2041-04-01
2040-07-03	tropics	28	0.0030314634	0.010316842	0.0007740225	0.0071604415	0.0012681361	0.0047818935	0.0019487086								FGA	2041-04-01
2040-07-04	tropics	28	0.003035942	0.0102951415	0.0007752969	0.0071539287	0.0012681282	0.0047708694	0.001959668								FGA	2041-04-01
2040-07-05	tropics	28	0.0030347705	0.010286369	0.0007765615	0.007156595	0.0012680909	0.004764194	0.0019632103								FGA	2041-04-01
2040-07-06	tropics	28	0.0030404134	0.010278995	0.00077984965	0.007168513	0.0012680234	0.0047726	0.0019667144								FGA	2041-04-01
2040-07-07	tropics	28	0.0030483706	0.010275169	0.0007847321	0.0071758954	0.0012679253	0.0047748475	0.0019701796								FGA	2041-04-01
2040-07-08	tropics	28	0.0030593728	0.010283419	0.00078962767	0.007196473	0.0012677958	0.004788666	0.0019745715								FGA	2041-04-01
2040-07-09	tropics	28	0.0030716676	0.010291435	0.00079453585	0.0072127297	0.0012676353	0.0047880565	0.001979699								FGA	2041-04-01
2040-07-10	tropics	28	0.003075755	0.010299207	0.00079872034	0.0072270324	0.0012686115	0.004785192	0.001984791								FGA	2041-04-01
2040-07-11	tropics	28	0.003080716	0.010306734	0.0008022275	0.007240329	0.0012704723	0.0047970624	0.0019898457								FGA	2041-04-01
2040-07-12	tropics	28	0.003094743	0.010314008	0.0008057323	0.0072534448	0.0012723042	0.0047972864	0.001994622								FGA	2041-04-01
2040-07-13	tropics	28	0.00309363	0.010352346	0.0008089716	0.007266378	0.001274329	0.004792276	0.0019987645								FGA	2041-04-01
2040-07-14	tropics	28	0.0030887541	0.010395107	0.0008122089	0.0072791195	0.0012767116	0.0047871713	0.0020028665								FGA	2041-04-01
2040-07-15	tropics	28	0.003088839	0.010437812	0.0008154438	0.007291668	0.0012790659	0.004796176	0.002006724								FGA	2041-04-01
2040-07-16	tropics	28	0.0030930927	0.010480455	0.0008147789	0.0073047634	0.001284127	0.0048018536	0.0020092607								FGA	2041-04-01
2040-07-17	tropics	28	0.003094921	0.010523576	0.000813943	0.0073221014	0.0012847803	0.004805941	0.002011744								FGA	2041-04-01
2040-07-18	tropics	28	0.0030887942	0.010568573	0.0008130838	0.0073286234	0.0012848516	0.0048097447	0.0020170219								FGA	2041-04-01
2040-07-19	tropics	28	0.003087021	0.01061351	0.00081220095	0.007338597	0.0012864795	0.0048103617	0.002018643								FGA	2041-04-01
2040-07-20	tropics	28	0.0030943234	0.01065838	0.00081129407	0.007350859	0.0012883383	0.0048077623	0.0020216147								FGA	2041-04-01
2040-07-21	tropics	28	0.0031015659	0.010703178	0.0008103158	0.0073581934	0.0012914316	0.0048063714	0.0020263079								FGA	2041-04-01
2040-07-22	tropics	28	0.0031087464	0.010706966	0.00080921396	0.007341424	0.0012970534	0.004800778	0.0020291547								FGA	2041-04-01
2040-07-23	tropics	28	0.0031087045	0.010707565	0.0008080877	0.0073244455	0.0013028291	0.0047950614	0.0020315936								FGA	2041-04-01
2040-07-24	tropics	28	0.0031107469	0.010703202	0.00080693635	0.007307257	0.0013085849	0.004784554	0.0020317994								FGA	2041-04-01
2040-07-25	tropics	28	0.0031128307	0.010691949	0.00080576	0.0072898557	0.001314029	0.0047688303	0.0020324881								FGA	2041-04-01
2040-07-26	tropics	28	0.0031230454	0.0106804	0.000804558	0.0072710197	0.0013192092	0.0047623552	0.0020311899								FGA	2041-04-01
2040-07-27	tropics	28	0.0031289645	0.010670733	0.00080333	0.007250169	0.0013243626	0.004749482	0.0020318776								FGA	2041-04-01
2040-07-28	tropics	28	0.003136437	0.01065917	0.00080207584	0.0072291032	0.0013294875	0.0047511864	0.0020324932								FGA	2041-04-01
2040-07-29	tropics	28	0.003142587	0.010632513	0.0008007952	0.0072078155	0.0013345832	0.0047623254	0.0020330928								FGA	2041-04-01
2040-07-30	tropics	28	0.0031528147	0.010605508	0.000802256	0.0071863057	0.001336226	0.0047679935	0.0020353436								FGA	2041-04-01
2040-07-31	tropics	28	0.003166244	0.010578154	0.00080419955	0.007164574	0.0013369207	0.0047713113	0.0020383713								FGA	2041-04-01
2040-08-01	tropics	28	0.003172535	0.010550442	0.00080611865	0.0071703456	0.0013376564	0.004786472	0.0020414283								FGA	2041-04-01
2040-08-02	tropics	28	0.0031782798	0.010522372	0.00080801256	0.007201708	0.0013406518	0.00480233	0.002042217								FGA	2041-04-01
2040-08-03	tropics	28	0.0031848545	0.010493943	0.0008098807	0.0072329645	0.0013427857	0.004804819	0.0020437357								FGA	2041-04-01
2040-08-04	tropics	28	0.0031930227	0.010465148	0.0008117223	0.007216791	0.0013411497	0.0047964235	0.0020472934								FGA	2041-04-01
2040-08-05	tropics	28	0.0031998279	0.0104359845	0.00081353664	0.0072002793	0.0013394678	0.004812992	0.0020527993								FGA	2041-04-01
2040-08-06	tropics	28	0.0032007892	0.010406452	0.0008151909	0.007183518	0.0013377396	0.004821512	0.0020600923								FGA	2041-04-01
2040-08-07	tropics	28	0.0032014577	0.0103765465	0.0008167725	0.007165881	0.0013364439	0.0048120054	0.002066601								FGA	2041-04-01
2040-08-08	tropics	28	0.003194131	0.010346263	0.00081832404	0.007165682	0.0013358219	0.0048101787	0.0020721406								FGA	2041-04-01
2040-08-09	tropics	28	0.0031880797	0.010315602	0.00082087214	0.0071660825	0.0013351456	0.004806292	0.002076136								FGA	2041-04-01
2040-08-10	tropics	28	0.003184136	0.010284558	0.000824285	0.0071648415	0.0013339629	0.0047945892	0.0020805397								FGA	2041-04-01
2040-08-11	tropics	28	0.0031911747	0.0102531295	0.00082767685	0.0071610385	0.0013319369	0.004776039	0.002079342								FGA	2041-04-01
2040-08-12	tropics	28	0.0032064116	0.010221314	0.00083104667	0.0071569853	0.0013302388	0.004760417	0.002083985								FGA	2041-04-01
2040-08-13	tropics	28	0.003218708	0.010198709	0.00083439355	0.007119811	0.0013323664	0.0047522243	0.0020881887								FGA	2041-04-01
2040-08-14	tropics	28	0.0032241554	0.010187212	0.0008377168	0.007122626	0.0013314156	0.0047444673	0.0020940308								FGA	2041-04-01
2040-08-15	tropics	28	0.0032266756	0.01017525	0.0008410152	0.007125109	0.0013304887	0.0047306707	0.0021006013								FGA	2041-04-01
2040-08-16	tropics	28	0.003227794	0.010162819	0.000844288	0.0071248035	0.0013296453	0.004722842	0.0021045278								FGA	2041-04-01
2040-08-17	tropics	28	0.003225532	0.010149916	0.0008475341	0.007112011	0.00132874	0.004720166	0.002102308								FGA	2041-04-01
2040-08-18	tropics	28	0.0032231077	0.010136533	0.00085075275	0.007084677	0.0013278913	0.004717287	0.0021029483								FGA	2041-04-01
2040-08-19	tropics	28	0.003220519	0.010122668	0.00085394265	0.007066456	0.001326985	0.0047142045	0.0021064845								FGA	2041-04-01
2040-08-20	tropics	28	0.0032119206	0.010108317	0.0008571031	0.0070481836	0.0013291758	0.004704457	0.002110151								FGA	2041-04-01
2040-08-21	tropics	28	0.0032026572	0.0100934785	0.00086023303	0.0070279697	0.0013345444	0.0047070757	0.002115089								FGA	2041-04-01
2040-08-22	tropics	28	0.0031943484	0.010078143	0.00086333137	0.0069993353	0.0013398675	0.0047211805	0.002118024								FGA	2041-04-01
2040-08-23	tropics	28	0.0031857225	0.010062313	0.0008663974	0.0069869147	0.0013451435	0.0047206613	0.002118352								FGA	2041-04-01
2040-08-24	tropics	28	0.0031753033	0.01004827	0.0008694296	0.0069878767	0.0013503702	0.0047163167	0.0021137376								FGA	2041-04-01
2040-08-25	tropics	28	0.0031647491	0.010041347	0.00087242736	0.0069621345	0.0013555466	0.0046989033	0.002111052								FGA	2041-04-01
2040-08-26	tropics	28	0.003155754	0.010035024	0.0008753895	0.0069326144	0.0013606708	0.0046880934	0.002108843								FGA	2041-04-01
2040-08-27	tropics	28	0.00315533	0.010030866	0.0008783149	0.006902587	0.0013614008	0.0046859835	0.00210951								FGA	2041-04-01
2040-08-28	tropics	28	0.003154744	0.010037896	0.00088120264	0.0068722847	0.0013583585	0.004683651	0.0021100636								FGA	2041-04-01
2040-08-29	tropics	28	0.0031483024	0.010044419	0.00088405167	0.0068560797	0.0013552476	0.004677622	0.0020984695								FGA	2041-04-01
2040-08-30	tropics	28	0.0031409608	0.010036317	0.0008868608	0.006859136	0.0013520672	0.0046701827	0.002090561								FGA	2041-04-01
2040-08-31	tropics	28	0.0031354567	0.009994059	0.0008896292	0.0068619107	0.0013488176	0.004662517	0.0020940057								FGA	2041-04-01
2040-09-01	tropics	28	0.0031297873	0.009953356	0.0008923555	0.0068693063	0.0013454981	0.004653177	0.0020861076								FGA	2041-04-01
2040-09-02	tropics	28	0.0031285235	0.009914039	0.0008942564	0.00687459	0.0013421084	0.0046394034	0.0020862995								FGA	2041-04-01
2040-09-03	tropics	28	0.0031248045	0.009906701	0.0008943729	0.0068793297	0.0013386483	0.004625424	0.0020922672								FGA	2041-04-01
2040-09-04	tropics	28	0.0031228554	0.009904785	0.0008942156	0.006870949	0.0013351175	0.0046168715	0.0021003857								FGA	2041-04-01
2040-09-05	tropics	28	0.0031216668	0.009902305	0.00089402095	0.006857575	0.0013333298	0.0046126093	0.0021084023								FGA	2041-04-01
2040-09-06	tropics	28	0.0031245179	0.00989926	0.0008937879	0.0068412484	0.0013326529	0.0046081143	0.00210314								FGA	2041-04-01
2040-09-07	tropics	28	0.003119667	0.009892582	0.0008935163	0.0068271076	0.0013318924	0.004614871	0.0020968143								FGA	2041-04-01
2040-09-08	tropics	28	0.0031141941	0.009866625	0.00089320564	0.0068130535	0.001331232	0.0046268273	0.0020975014								FGA	2041-04-01
2040-09-09	tropics	28	0.0031117217	0.00984275	0.00089285534	0.0067985933	0.0013307291	0.004642031	0.0020999694								FGA	2041-04-01
2040-09-10	tropics	28	0.0031046337	0.009818348	0.00089246494	0.0067837234	0.0013301392	0.004657049	0.002102761								FGA	2041-04-01
2040-09-11	tropics	28	0.0031011442	0.0097934175	0.0008920337	0.0067684413	0.0013294619	0.0046627875	0.0021068216								FGA	2041-04-01
2040-09-12	tropics	28	0.003102441	0.009767562	0.0008904612	0.006752746	0.0013286965	0.004661955	0.002108211								FGA	2041-04-01
2040-09-13	tropics	28	0.003106439	0.009735505	0.00088806835	0.0067366366	0.0013278419	0.0046567544	0.0021063644								FGA	2041-04-01
2040-09-14	tropics	28	0.003105044	0.009711523	0.0008856277	0.00672011	0.0013268971	0.0046503916	0.00210617								FGA	2041-04-01
2040-09-15	tropics	28	0.0031048015	0.009716101	0.00088313903	0.0067031644	0.0013258613	0.004643753	0.0020995964								FGA	2041-04-01
2040-09-16	tropics	28	0.0030986988	0.009720134	0.00088060234	0.0066857995	0.0013247342	0.004635925	0.0020928322								FGA	2041-04-01
2040-09-17	tropics	28	0.0030925055	0.009723612	0.00087801734	0.006668016	0.0013235147	0.0046394314	0.0020904678								FGA	2041-04-01
2040-09-18	tropics	28	0.0030906643	0.009719561	0.0008753841	0.006649025	0.0013222024	0.004643334	0.0020909528								FGA	2041-04-01
2040-09-19	tropics	28	0.0030907183	0.009699031	0.00087270234	0.0066279257	0.0013209471	0.0046361694	0.0020923847								FGA	2041-04-01
2040-09-20	tropics	28	0.003089338	0.009680963	0.0008699722	0.0066064196	0.0013196887	0.0046229274	0.002093679								FGA	2041-04-01
2040-09-21	tropics	28	0.0030742255	0.009663683	0.0008671937	0.006584506	0.0013204813	0.0046220017	0.0020956013								FGA	2041-04-01
2040-09-22	tropics	28	0.0030635344	0.009627245	0.00086436654	0.0065874388	0.0013215111	0.0046226145	0.0020987084								FGA	2041-04-01
2040-09-23	tropics	28	0.0030528237	0.009588543	0.0008614909	0.0066075064	0.0013224554	0.0046198126	0.0020961245								FGA	2041-04-01
2040-09-24	tropics	28	0.0030359803	0.009549382	0.0008585667	0.00658245	0.0013233129	0.0046125827	0.0020933351								FGA	2041-04-01
2040-09-25	tropics	28	0.0030219168	0.0095097665	0.0008555941	0.006584434	0.001324083	0.0045877686	0.0020907393								FGA	2041-04-01
2040-09-26	tropics	28	0.0030175187	0.009469697	0.0008525732	0.0065839156	0.001324765	0.0045752004	0.0020846268								FGA	2041-04-01
2040-09-27	tropics	28	0.0030044634	0.009429175	0.00084950385	0.0065829507	0.0013253948	0.004559955	0.0020709597								FGA	2041-04-01
2040-09-28	tropics	28	0.0029973534	0.0093882065	0.0008463864	0.006554838	0.0013226487	0.004538191	0.0020565968								FGA	2041-04-01
2040-09-29	tropics	28	0.0029900437	0.009346791	0.00084322086	0.0065111634	0.0013195748	0.0045197066	0.002048405								FGA	2041-04-01
2040-09-30	tropics	28	0.0029817864	0.009304931	0.00084159937	0.0064783613	0.0013164338	0.00451523	0.002047325								FGA	2041-04-01
2040-10-01	tropics	28	0.0029661604	0.009274849	0.0008419181	0.006461128	0.0013198978	0.0045104143	0.002044215								FGA	2041-04-01
2040-10-02	tropics	28	0.002950421	0.009262889	0.00084217783	0.006413756	0.001323277	0.004505258	0.0020327452								FGA	2041-04-01
2040-10-03	tropics	28	0.00294575	0.0092426175	0.00084237783	0.006371113	0.0013220238	0.0045086774	0.0020220138								FGA	2041-04-01
2040-10-04	tropics	28	0.0029363686	0.009212847	0.00084251753	0.006333073	0.0013186338	0.0044939155	0.0020166219								FGA	2041-04-01
2040-10-05	tropics	28	0.002932566	0.009179726	0.0008425964	0.0062947404	0.0013153338	0.0044877273	0.0020109676								FGA	2041-04-01
2040-10-06	tropics	28	0.0029325383	0.009152083	0.00084261375	0.006264835	0.0013142851	0.004482671	0.002002681								FGA	2041-04-01
2040-10-07	tropics	28	0.0029277126	0.009124311	0.000842569	0.0062330095	0.0013174444	0.0044761878	0.0019942864								FGA	2041-04-01
2040-10-08	tropics	28	0.0029187135	0.009096079	0.0008424616	0.0062161996	0.0013205106	0.0044677285	0.0019882598								FGA	2041-04-01
2040-10-09	tropics	28	0.0029067812	0.0090673845	0.0008422911	0.006198289	0.0013234824	0.0044534598	0.0019824575								FGA	2041-04-01
2040-10-10	tropics	28	0.0028973082	0.009039303	0.000842057	0.006177568	0.0013266572	0.0044416515	0.0019737685								FGA	2041-04-01
2040-10-11	tropics	28	0.0028793085	0.009021213	0.00084175885	0.0061564324	0.0013274169	0.0044293385	0.0019632957								FGA	2041-04-01
2040-10-12	tropics	28	0.002863403	0.008996362	0.00084128784	0.0061375326	0.00132718	0.0044191517	0.0019581243								FGA	2041-04-01
2040-10-13	tropics	28	0.0028500378	0.008966591	0.0008405675	0.0061331177	0.001326845	0.0044035176	0.0019570703								FGA	2041-04-01
2040-10-14	tropics	28	0.0028383033	0.008938238	0.0008397823	0.0061235824	0.0013264111	0.004389703	0.0019514833								FGA	2041-04-01
2040-10-15	tropics	28	0.0028316947	0.00890933	0.00083893177	0.006113212	0.0013258781	0.004374362	0.0019423236								FGA	2041-04-01
2040-10-16	tropics	28	0.0028215616	0.008879868	0.0008380157	0.006103269	0.0013224419	0.004357298	0.0019353242								FGA	2041-04-01
2040-10-17	tropics	28	0.0028106903	0.008849854	0.0008364367	0.0060911616	0.0013185206	0.004339958	0.0019271678								FGA	2041-04-01
2040-10-18	tropics	28	0.002798737	0.008819289	0.00083191134	0.0060786624	0.0013144991	0.004316535	0.001919908								FGA	2041-04-01
2040-10-19	tropics	28	0.0027777795	0.008788177	0.0008273337	0.0060574776	0.0013129923	0.0042887414	0.001913948								FGA	2041-04-01
2040-10-20	tropics	28	0.0027601612	0.00875652	0.0008227045	0.006019854	0.0013051194	0.004255637	0.0019033205								FGA	2041-04-01
2040-10-21	tropics	28	0.0027444696	0.008724323	0.0008180248	0.0059909616	0.0012997865	0.0042170365	0.001893678								FGA	2041-04-01
2040-10-22	tropics	28	0.002726219	0.008691585	0.0008132951	0.0059607653	0.0012886401	0.004174336	0.0018855684								FGA	2041-04-01
2040-10-23	tropics	28	0.002706525	0.008651946	0.0008085162	0.005930328	0.0012775268	0.0041454853	0.0018727174								FGA	2041-04-01
2040-10-24	tropics	28	0.0026905166	0.008605813	0.00080368924	0.0058996514	0.0012682844	0.004131175	0.0018722683								FGA	2041-04-01
2040-10-25	tropics	28	0.0026809003	0.008559232	0.0007988149	0.0058644195	0.0012643994	0.004099526	0.0018661284								FGA	2041-04-01
2040-10-26	tropics	28	0.002662261	0.008517254	0.00079389417	0.005826408	0.0012623674	0.004075663	0.0018572933								FGA	2041-04-01
2040-10-27	tropics	28	0.002638685	0.0084881615	0.00078892807	0.005789631	0.001254733	0.004046949	0.0018460118								FGA	2041-04-01
2040-10-28	tropics	28	0.00261894	0.008458529	0.00078391744	0.005753388	0.0012423391	0.0040229717	0.0018346558								FGA	2041-04-01
2040-10-29	tropics	28	0.0025991292	0.0084283585	0.0007788634	0.0057185725	0.0012299513	0.004002939	0.0018232274								FGA	2041-04-01
2040-10-30	tropics	28	0.0025862367	0.0083976565	0.00077376683	0.0056909705	0.0012175712	0.003997147	0.0018118466								FGA	2041-04-01
2040-10-31	tropics	28	0.002571544	0.008366428	0.0007686289	0.005663009	0.0012052014	0.003985607	0.0017976767								FGA	2041-04-01
2040-11-01	tropics	28	0.0025500148	0.008334679	0.0007634507	0.0056346934	0.0011945182	0.0039678183	0.0017833743								FGA	2041-04-01
2040-11-02	tropics	28	0.002528449	0.008302413	0.00075823325	0.0056060283	0.0011852841	0.0039551375	0.0017662796								FGA	2041-04-01
2040-11-03	tropics	28	0.0025110266	0.008269636	0.0007529776	0.0055770185	0.0011755014	0.003930155	0.0017508894								FGA	2041-04-01
2040-11-04	tropics	28	0.0024974816	0.008236356	0.00074768515	0.0055476706	0.0011661671	0.0039138845	0.0017335332								FGA	2041-04-01
2040-11-05	tropics	28	0.0024859384	0.008202577	0.0007423568	0.005517936	0.0011611372	0.0038846107	0.0017191434								FGA	2041-04-01
2040-11-06	tropics	28	0.0024613398	0.008168306	0.00073699397	0.0054867	0.0011587334	0.0038551837	0.0017058147								FGA	2041-04-01
2040-11-07	tropics	28	0.0024429127	0.00813355	0.00073159754	0.005455161	0.0011524633	0.0038256082	0.0016952802								FGA	2041-04-01
2040-11-08	tropics	28	0.0024276264	0.008098315	0.00072614336	0.0054216366	0.0011394555	0.0037958901	0.0016858699								FGA	2041-04-01
2040-11-09	tropics	28	0.002416196	0.008062609	0.0007206231	0.00538142	0.0011265393	0.0037690622	0.0016769163								FGA	2041-04-01
2040-11-10	tropics	28	0.0024081985	0.008026438	0.0007150741	0.005341066	0.0011173366	0.0037432401	0.0016636905								FGA	2041-04-01
2040-11-11	tropics	28	0.0023895348	0.007989808	0.00071066484	0.0053005824	0.0011104089	0.0037133424	0.0016502519								FGA	2041-04-01
2040-11-12	tropics	28	0.002366512	0.007952727	0.0007065181	0.005259974	0.0011036919	0.003682739	0.0016376653								FGA	2041-04-01
2040-11-13	tropics	28	0.0023453876	0.007915205	0.00070226064	0.0052192495	0.0010969233	0.0036501158	0.0016295197								FGA	2041-04-01
2040-11-14	tropics	28	0.0023352033	0.007877248	0.00069889764	0.0051784148	0.0010890522	0.0036174245	0.0016166052								FGA	2041-04-01
2040-11-15	tropics	28	0.002320758	0.007838863	0.00069606013	0.005137477	0.0010789734	0.003587714	0.0016044248								FGA	2041-04-01
2040-11-16	tropics	28	0.0023046378	0.00780006	0.0006923126	0.005096444	0.0010709297	0.0035597878	0.0015932106								FGA	2041-04-01
2040-11-17	tropics	28	0.0022855056	0.007760845	0.0006889172	0.0050553223	0.001064303	0.0035295412	0.0015819331								FGA	2041-04-01
2040-11-18	tropics	28	0.0022663237	0.007721229	0.00068547105	0.005014118	0.0010581649	0.0035085632	0.0015705954								FGA	2041-04-01
2040-11-19	tropics	28	0.0022478697	0.007681218	0.00068254763	0.0049728393	0.0010521009	0.0034712853	0.0015546593								FGA	2041-04-01
2040-11-20	tropics	28	0.0022274116	0.0076408214	0.0006797298	0.0049314937	0.0010475495	0.0034396532	0.0015349761								FGA	2041-04-01
2040-11-21	tropics	28	0.0022094105	0.0076036532	0.00067683915	0.004890087	0.0010414377	0.0034154297	0.0015154224								FGA	2041-04-01
2040-11-22	tropics	28	0.0021979827	0.0075696586	0.00067390123	0.0048490576	0.001034352	0.0033887671	0.0014960004								FGA	2041-04-01
2040-11-23	tropics	28	0.0021865838	0.007523476	0.0006709168	0.004842103	0.0010272288	0.0033652117	0.0014773776								FGA	2041-04-01
2040-11-24	tropics	28	0.0021755367	0.007477654	0.00066788634	0.00483474	0.0010200312	0.0033388142	0.0014679537								FGA	2041-04-01
2040-11-25	tropics	28	0.0021595864	0.0074362326	0.00066481106	0.0048269695	0.0010112999	0.0033175645	0.001459355								FGA	2041-04-01
2040-11-26	tropics	28	0.002144616	0.007394532	0.00066169153	0.0048187952	0.0010013215	0.003290395	0.0014514627								FGA	2041-04-01
2040-11-27	tropics	28	0.002131503	0.007352501	0.00065852853	0.0047903205	0.0009928648	0.003264897	0.0014446018								FGA	2041-04-01
2040-11-28	tropics	28	0.0021172655	0.0073101497	0.00065532315	0.004757695	0.0009852911	0.0032296935	0.0014372137								FGA	2041-04-01
2040-11-29	tropics	28	0.0021052728	0.007267488	0.0006520759	0.004723112	0.0009777934	0.0031945948	0.001427631								FGA	2041-04-01
2040-11-30	tropics	28	0.0020913947	0.0072245244	0.000648788	0.004702691	0.0009703826	0.0031585535	0.0014174837								FGA	2041-04-01
2040-12-01	tropics	28	0.0020740682	0.007181268	0.00064546027	0.004692206	0.00096293696	0.003121454	0.0014056147								FGA	2041-04-01
2040-12-02	tropics	28	0.0020539546	0.0071377293	0.00064209336	0.0046399324	0.0009554584	0.0030858368	0.0013932995								FGA	2041-04-01
2040-12-03	tropics	28	0.002036464	0.0070939176	0.00063868845	0.004596384	0.0009462239	0.0030564626	0.0013834359								FGA	2041-04-01
2040-12-04	tropics	28	0.0020184033	0.0070498427	0.0006352464	0.004575639	0.0009387681	0.0030182216	0.0013732092								FGA	2041-04-01
2040-12-05	tropics	28	0.0020003328	0.0070055146	0.0006317681	0.0045596105	0.0009314528	0.0029844518	0.0013598416								FGA	2041-04-01
2040-12-06	tropics	28	0.0019799792	0.006960942	0.00062825455	0.0045378627	0.00092423504	0.0029575783	0.001347029								FGA	2041-04-01
2040-12-07	tropics	28	0.0019574892	0.0069161365	0.0006247068	0.0045018126	0.00091699255	0.0029429495	0.0013395743								FGA	2041-04-01
2040-12-08	tropics	28	0.0019366955	0.006871106	0.0006211257	0.0044608926	0.00090939505	0.0029278714	0.0013280774								FGA	2041-04-01
2040-12-09	tropics	28	0.0019160493	0.0068258625	0.00061751215	0.004419226	0.00090171985	0.0029075898	0.0013128162								FGA	2041-04-01
2040-12-10	tropics	28	0.0018961128	0.0067804134	0.0006134942	0.0043776003	0.00089302484	0.0028813211	0.0012999137								FGA	2041-04-01
2040-12-11	tropics	28	0.0018780996	0.0067347717	0.0006081458	0.004336022	0.00088399573	0.0028550858	0.0012839689								FGA	2041-04-01
2040-12-12	tropics	28	0.0018591713	0.006688945	0.00060279324	0.0042935526	0.00087751803	0.0028288898	0.001271826								FGA	2041-04-01
2040-12-13	tropics	28	0.0018402794	0.0066429437	0.0005974377	0.004249965	0.0008708703	0.0028027366	0.0012573758								FGA	2041-04-01
2040-12-14	tropics	28	0.0018214269	0.006596778	0.0005920802	0.0042082733	0.0008602318	0.0027855677	0.0012466228								FGA	2041-04-01
2040-12-15	tropics	28	0.001802617	0.0065643694	0.00058672216	0.004179769	0.0008512964	0.0027696951	0.0012360141								FGA	2041-04-01
2040-12-16	tropics	28	0.0017838539	0.0065370533	0.0005813646	0.004152157	0.00084337423	0.002753675	0.0012226079								FGA	2041-04-01
2040-12-17	tropics	28	0.0017691941	0.0065093855	0.0005759353	0.0041231825	0.00083545584	0.0027349582	0.0012093927								FGA	2041-04-01
2040-12-18	tropics	28	0.0017548761	0.006481372	0.0005704617	0.004093765	0.0008234109	0.0027180323	0.0011994009								FGA	2041-04-01
2040-12-19	tropics	28	0.0017371859	0.0064530214	0.00056499423	0.004064217	0.0008125061	0.0026979605	0.0011893308								FGA	2041-04-01
2040-12-20	tropics	28	0.0017242436	0.0064243423	0.00055953406	0.004032995	0.00080906606	0.0026721493	0.0011770553								FGA	2041-04-01
2040-12-21	tropics	28	0.001705956	0.00639534	0.00055408233	0.0039974074	0.0008056174	0.0026441272	0.0011648156								FGA	2041-04-01
2040-12-22	tropics	28	0.0016833552	0.0063660247	0.00054863986	0.003960223	0.00079842785	0.002613423	0.0011526139								FGA	2041-04-01
2040-12-23	tropics	28	0.00166283	0.006336402	0.000543208	0.0039107897	0.00079257326	0.0025827738	0.0011404515								FGA	2041-04-01
2040-12-24	tropics	28	0.0016454237	0.006306482	0.0005377877	0.003861331	0.00078564504	0.002551212	0.0011286787								FGA	2041-04-01
2040-12-25	tropics	28	0.0016259697	0.0062762704	0.0005325129	0.0038176458	0.00077792746	0.0025189798	0.0011172798								FGA	2041-04-01
2040-12-26	tropics	28	0.0016085303	0.006239924	0.0005279784	0.0037943502	0.0007682617	0.0024964097	0.0011063888								FGA	2041-04-01
2040-12-27	tropics	28	0.0015931723	0.0061949817	0.0005234382	0.0037708874	0.0007604165	0.0024632323	0.0010965187								FGA	2041-04-01
2040-12-28	tropics	28	0.0015786173	0.006135228	0.0005188935	0.003743312	0.0007529583	0.0024293552	0.0010856258								FGA	2041-04-01
2040-12-29	tropics	28	0.0015608027	0.0060756197	0.0005140389	0.0037086022	0.00074563397	0.002397506	0.0010760953								FGA	2041-04-01
2040-12-30	tropics	28	0.0015481107	0.0060161646	0.0005090224	0.003673931	0.00073832326	0.0023640888	0.0010657035								FGA	2041-04-01
2040-12-31	tropics	28	0.001532125	0.005956874	0.0005040159	0.0036393052	0.000731941	0.0023320122	0.0010517103								FGA	2041-04-01
2041-01-01	tropics	28	0.0015174528	0.005897757	0.00049902045	0.0036205547	0.0007234281	0.0023043114	0.0010402021								FGA	2041-04-01
2041-01-02	tropics	28	0.0015016436	0.0058388235	0.00049403694	0.0036052857	0.00071551505	0.0022782467	0.001029419								FGA	2041-04-01
2041-01-03	tropics	28	0.0014837577	0.005780083	0.00048906635	0.0035886627	0.000704546	0.002252242	0.0010163268								FGA	2041-04-01
2041-01-04	tropics	28	0.0014672994	0.0057215444	0.00048410957	0.0035533996	0.0006936409	0.002229427	0.0010042692								FGA	2041-04-01
2041-01-05	tropics	28	0.0014509298	0.0056632166	0.00047861715	0.003516892	0.0006832701	0.0022063658	0.0009922925								FGA	2041-04-01
2041-01-06	tropics	28	0.0014353483	0.005605108	0.00047220875	0.003478276	0.00067322014	0.0021850918	0.0009815027								FGA	2041-04-01
2041-01-07	tropics	28	0.0014218369	0.0055450792	0.0004658563	0.0034397575	0.0006669864	0.0021637692	0.0009712774								FGA	2041-04-01
2041-01-08	tropics	28	0.0014083567	0.005484192	0.00045956022	0.003401426	0.0006608958	0.0021409553	0.000961401								FGA	2041-04-01
2041-01-09	tropics	28	0.0013922136	0.005423635	0.00045332083	0.0033632868	0.00065556454	0.0021182443	0.0009497822								FGA	2041-04-01
2041-01-10	tropics	28	0.0013757204	0.005363413	0.00044703917	0.0033253455	0.0006502943	0.0020976374	0.0009370359								FGA	2041-04-01
2041-01-11	tropics	28	0.001359324	0.0053035347	0.0004396396	0.0032869354	0.00064533635	0.0020752598	0.0009247989								FGA	2041-04-01
2041-01-12	tropics	28	0.0013430268	0.0052440055	0.00043207075	0.0032483926	0.0006422158	0.002055045	0.00091617834								FGA	2041-04-01
2041-01-13	tropics	28	0.0013268308	0.0051848316	0.00042460315	0.0032100906	0.0006351347	0.0020348942	0.0009044816								FGA	2041-04-01
2041-01-14	tropics	28	0.0013107385	0.0051260185	0.0004172362	0.0031720328	0.00062819046	0.002014811	0.00089147233								FGA	2041-04-01
2041-01-15	tropics	28	0.0012939383	0.0050675725	0.00040996962	0.003134224	0.00062205765	0.0019953386	0.0008791759								FGA	2041-04-01
2041-01-16	tropics	28	0.0012763608	0.0050094994	0.00040439973	0.0030966692	0.0006150594	0.0019800155	0.0008674026								FGA	2041-04-01
2041-01-17	tropics	28	0.0012589341	0.004951804	0.00039895438	0.0030537047	0.00060672616	0.0019646864	0.0008557351								FGA	2041-04-01
2041-01-18	tropics	28	0.0012428047	0.0048944904	0.00039353082	0.0030244645	0.0005994115	0.0019493538	0.000844174								FGA	2041-04-01
2041-01-19	tropics	28	0.0012283218	0.0048375647	0.00038703514	0.0029897285	0.00058997754	0.0019340211	0.0008332974								FGA	2041-04-01
2041-01-20	tropics	28	0.0012139326	0.004781031	0.00038037274	0.0029552148	0.00057958957	0.0019150944	0.0008233893								FGA	2041-04-01
2041-01-21	tropics	28	0.0011985714	0.0047248937	0.0003738018	0.002920927	0.0005696114	0.0018890485	0.00081253704								FGA	2041-04-01
2041-01-22	tropics	28	0.0011816655	0.0046691573	0.00036732183	0.0028868683	0.00056191185	0.0018632609	0.0008044201								FGA	2041-04-01
2041-01-23	tropics	28	0.001164926	0.0046138247	0.00036093217	0.0028638798	0.0005526151	0.001837566	0.00079727685								FGA	2041-04-01
2041-01-24	tropics	28	0.0011493161	0.004558901	0.00035463244	0.0028428638	0.000543117	0.0018203425	0.0007897353								FGA	2041-04-01
2041-01-25	tropics	28	0.0011360191	0.0045043896	0.00034863377	0.002821849	0.00053423975	0.001803242	0.00077913515								FGA	2041-04-01
2041-01-26	tropics	28	0.0011241708	0.0044502933	0.0003431348	0.0027976648	0.00052559935	0.0017862283	0.00076946424								FGA	2041-04-01
2041-01-27	tropics	28	0.0011123782	0.0043966155	0.00033770327	0.0027589644	0.0005170686	0.0017637697	0.0007590123								FGA	2041-04-01
2041-01-28	tropics	28	0.0011028552	0.0043433593	0.00033296604	0.0027204244	0.00050864683	0.0017362629	0.00074846693								FGA	2041-04-01
2041-01-29	tropics	28	0.0010937059	0.004290527	0.0003286316	0.0026822595	0.00050056033	0.0017148466	0.00073802675								FGA	2041-04-01
2041-01-30	tropics	28	0.0010819335	0.004245005	0.00032425683	0.0026444697	0.00049426226	0.0016963877	0.0007276924								FGA	2041-04-01
2041-01-31	tropics	28	0.0010693376	0.0042057782	0.00031995593	0.0026070564	0.00048897293	0.0016758112	0.0007174638								FGA	2041-04-01
2041-02-01	tropics	28	0.0010568346	0.004166734	0.00031616385	0.002570021	0.00048371952	0.0016588147	0.00070766726								FGA	2041-04-01
2041-02-02	tropics	28	0.0010444252	0.0041306172	0.00031240188	0.0025386445	0.00047850216	0.0016409322	0.00069830194								FGA	2041-04-01
2041-02-03	tropics	28	0.0010329252	0.0041037262	0.00030867034	0.0025117614	0.00047150868	0.0016201437	0.0006890242								FGA	2041-04-01
2041-02-04	tropics	28	0.001020621	0.0040768026	0.00030450325	0.0024850324	0.0004633329	0.0016031484	0.0006798344								FGA	2041-04-01
2041-02-05	tropics	28	0.0010076172	0.004049851	0.00029964096	0.0024584604	0.00045530475	0.0015870375	0.00067073264								FGA	2041-04-01
2041-02-06	tropics	28	0.0009945928	0.004022878	0.0002956386	0.0024320476	0.00044739395	0.0015700421	0.000661719								FGA	2041-04-01
2041-02-07	tropics	28	0.0009818537	0.0039905105	0.00029167847	0.0024057971	0.00043959985	0.0015497755	0.000652794								FGA	2041-04-01
2041-02-08	tropics	28	0.0009724216	0.0039524296	0.00028776046	0.0023797106	0.00043192116	0.0015325176	0.00064395764								FGA	2041-04-01
2041-02-09	tropics	28	0.000962428	0.003915293	0.00028388444	0.0023529564	0.00042598968	0.0015159782	0.0006351592								FGA	2041-04-01
2041-02-10	tropics	28	0.00095248746	0.003878465	0.00028005033	0.0023228342	0.00042019956	0.0014973131	0.00062633015								FGA	2041-04-01
2041-02-11	tropics	28	0.0009426008	0.0038384104	0.000276179	0.0022928335	0.00041192555	0.0014772988	0.00061795185								FGA	2041-04-01
2041-02-12	tropics	28	0.0009324222	0.0037924042	0.00027232562	0.0022631092	0.00040376774	0.0014595457	0.0006088889								FGA	2041-04-01
2041-02-13	tropics	28	0.00092177984	0.0037467754	0.0002685167	0.0022336624	0.00039575374	0.0014418729	0.0006006992								FGA	2041-04-01
2041-02-14	tropics	28	0.0009112145	0.0037015264	0.00026475193	0.002204493	0.00038753386	0.0014225782	0.0005923774								FGA	2041-04-01
2041-02-15	tropics	28	0.000900207	0.0036566583	0.00026103118	0.0021756017	0.00037986273	0.0014036713	0.00058439863								FGA	2041-04-01
2041-02-16	tropics	28	0.0008873996	0.0036121719	0.0002573542	0.0021469898	0.0003727361	0.001386205	0.00057628064								FGA	2041-04-01
2041-02-17	tropics	28	0.00087473827	0.00356807	0.00025372073	0.002122819	0.00036639374	0.0013688991	0.00056749955								FGA	2041-04-01
2041-02-18	tropics	28	0.0008628634	0.0035243528	0.0002501306	0.002096115	0.00036234505	0.0013511942	0.00055902184								FGA	2041-04-01
2041-02-19	tropics	28	0.0008519379	0.0034810216	0.0002465835	0.0020724763	0.00035740703	0.0013327089	0.0005504779								FGA	2041-04-01
2041-02-20	tropics	28	0.0008392752	0.0034380774	0.0002430793	0.0020459548	0.00035252277	0.0013136644	0.00054184947								FGA	2041-04-01
2041-02-21	tropics	28	0.0008258474	0.0033955202	0.00023961763	0.002015655	0.00034769208	0.0012960099	0.00053450116								FGA	2041-04-01
2041-02-22	tropics	28	0.000810854	0.0033533517	0.0002361982	0.0019909418	0.00034291486	0.0012813	0.0005272351								FGA	2041-04-01
2041-02-23	tropics	28	0.000796624	0.0033151035	0.00023295	0.0019692935	0.00033844315	0.0012670859	0.0005191945								FGA	2041-04-01
2041-02-24	tropics	28	0.00078560563	0.003282758	0.00022987407	0.0019477947	0.00033418564	0.0012529687	0.00051078195								FGA	2041-04-01
2041-02-25	tropics	28	0.000776112	0.0032514585	0.00022683066	0.0019264471	0.00032996785	0.0012382667	0.00050267356								FGA	2041-04-01
2041-02-26	tropics	28	0.00076661736	0.003220357	0.00022381965	0.0019031069	0.00032578982	0.0012235604	0.0004946744								FGA	2041-04-01
2041-02-27	tropics	28	0.0007548955	0.0031894557	0.000220841	0.001877865	0.00032053184	0.0012086724	0.00048678348								FGA	2041-04-01
2041-02-28	tropics	28	0.0007446588	0.0031587556	0.0002178946	0.0018528838	0.00031501698	0.0011942625	0.00047900004								FGA	2041-04-01
2041-03-01	tropics	28	0.0007356551	0.0031282583	0.0002149803	0.0018312469	0.000310394	0.0011800751	0.00047132315								FGA	2041-04-01
2041-03-02	tropics	28	0.0007235714	0.0030979654	0.000212098	0.0018099075	0.00030582972	0.0011655786	0.00046325673								FGA	2041-04-01
2041-03-03	tropics	28	0.0007123916	0.0030719654	0.00020894824	0.0017887482	0.00030132377	0.0011511949	0.00045589168								FGA	2041-04-01
2041-03-04	tropics	28	0.00070271	0.0030464483	0.00020526408	0.0017728873	0.0002968757	0.0011371247	0.00044874704								FGA	2041-04-01
2041-03-05	tropics	28	0.00069364597	0.0030210386	0.00020163797	0.0017577873	0.00029248497	0.0011221503	0.0004418919								FGA	2041-04-01
2041-03-06	tropics	28	0.0006844284	0.0029835135	0.00019806932	0.001742752	0.000288202	0.0011079423	0.00043494935								FGA	2041-04-01
2041-03-07	tropics	28	0.0006743525	0.0029468462	0.00019455743	0.0017263001	0.00028404495	0.0010932613	0.00042784293								FGA	2041-04-01
2041-03-08	tropics	28	0.0006638122	0.0029114618	0.00019111265	0.0017045911	0.00027993962	0.0010769932	0.00042139803								FGA	2041-04-01
2041-03-09	tropics	28	0.0006536137	0.0028764375	0.00018783948	0.0016803368	0.0002758857	0.001064227	0.00041488497								FGA	2041-04-01
2041-03-10	tropics	28	0.0006434509	0.0028417713	0.00018461804	0.0016563697	0.00027188263	0.0010526923	0.00040844956								FGA	2041-04-01
2041-03-11	tropics	28	0.00063270924	0.002807461	0.00018144802	0.0016326893	0.0002679302	0.0010395589	0.00040254023								FGA	2041-04-01
2041-03-12	tropics	28	0.00062197924	0.0027739778	0.0001783279	0.0016092933	0.00026402788	0.0010262999	0.0003968428								FGA	2041-04-01
2041-03-13	tropics	28	0.0006126842	0.0027414097	0.000175257	0.0015871429	0.00026017526	0.0010131793	0.00039032602								FGA	2041-04-01
2041-03-14	tropics	28	0.00060415117	0.002713481	0.00017223474	0.0015677498	0.00025569406	0.0010001962	0.00038475497								FGA	2041-04-01
2041-03-15	tropics	28	0.00059465854	0.0026885774	0.00016926053	0.0015482119	0.0002508279	0.0009873498	0.00037944614								FGA	2041-04-01
2041-03-16	tropics	28	0.00058529666	0.0026638207	0.00016633376	0.0015288695	0.00024604774	0.00097464	0.0003736513								FGA	2041-04-01
2041-03-17	tropics	28	0.00057606434	0.0026392103	0.00016345383	0.0015097231	0.00024135226	0.00096206577	0.00036721313								FGA	2041-04-01
2041-03-18	tropics	28	0.0005669604	0.0026147491	0.00016062014	0.0014907715	0.00023674029	0.00094962673	0.00036123462								FGA	2041-04-01
2041-03-19	tropics	28	0.0005579837	0.002590438	0.00015783208	0.001472014	0.00023221056	0.00093883486	0.00035546545								FGA	2041-04-01
2041-03-20	tropics	28	0.000549133	0.0025662777	0.00015508909	0.0014534502	0.00022776179	0.00092731795	0.0003498258								FGA	2041-04-01
2041-03-21	tropics	28	0.0005412655	0.0025422706	0.00015236043	0.0014333043	0.00022339282	0.00091465557	0.00034438953								FGA	2041-04-01
2041-03-22	tropics	28	0.0005321216	0.002518417	0.00014963945	0.0014120606	0.00021910244	0.0009017989	0.00033853695								FGA	2041-04-01
2041-03-23	tropics	28	0.00052343763	0.0024947186	0.00014696468	0.0013981292	0.00021488935	0.00088940794	0.00033236353								FGA	2041-04-01
2041-03-24	tropics	28	0.0005149668	0.0024711757	0.00014433544	0.0013827214	0.00021075249	0.0008775729	0.00032629498								FGA	2041-04-01
2041-03-25	tropics	28	0.00050653366	0.0024477898	0.000141751	0.0013656117	0.00020694964	0.0008656981	0.0003208865								FGA	2041-04-01
2041-03-26	tropics	28	0.0004986089	0.0024245617	0.00013921072	0.0013482758	0.00020359133	0.0008546012	0.00031567496								FGA	2041-04-01
2041-03-27	tropics	28	0.0004911932	0.0024014919	0.00013671392	0.0013302728	0.00020040349	0.0008436246	0.0003102915								FGA	2041-04-01
2041-03-28	tropics	28	0.00048402871	0.0023785813	0.00013425996	0.0013113325	0.00019762485	0.0008327677	0.00030519438								FGA	2041-04-01
2041-03-29	tropics	28	0.0004771584	0.0023558312	0.00013184815	0.0012926309	0.00019503574	0.0008226201	0.0003000666								FGA	2041-04-01
2041-03-30	tropics	28	0.00047015704	0.0023332415	0.00012947786	0.0012741665	0.000192476	0.00081350736	0.00029502332								FGA	2041-04-01
2041-03-31	tropics	28	0.00046324875	0.0023108134	0.00012714847	0.0012557685	0.00018885198	0.0008039435	0.00029005815								FGA	2041-04-01
2041-04-01	tropics	6								0.067019366	0.09106987	0.05047636	0.08112808	0.054797165	0.073760375	0.06057011	FGA	2041-04-01
2041-04-02	tropics	6								0.065845475	0.089594476	0.049520615	0.079811305	0.05379722	0.07248402	0.05949388	FGA	2041-04-01
2041-04-03	tropics	6								0.06469561	0.088133976	0.048580933	0.07849766	0.05281483	0.071235135	0.058442	FGA	2041-04-01
2041-04-04	tropics	6								0.06358933	0.086684786	0.047656197	0.0771905	0.05183943	0.07001215	0.057355937	FGA	2041-04-01
2041-04-05	tropics	6								0.06246262	0.08528498	0.046736468	0.07590361	0.050893784	0.06880778	0.05628389	FGA	2041-04-01
2041-04-06	tropics	6								0.061349712	0.083918236	0.045825277	0.07463628	0.049955364	0.06761104	0.05523456	FGA	2041-04-01
2041-04-07	tropics	6								0.060253993	0.08257113	0.044930905	0.0733882	0.049031693	0.06644514	0.05422192	FGA	2041-04-01
2041-04-08	tropics	6								0.05917796	0.08124382	0.04405321	0.07215942	0.048110235	0.06530454	0.05323136	FGA	2041-04-01
2041-04-09	tropics	6								0.058146268	0.07993608	0.043191917	0.07094971	0.047190215	0.06418334	0.052248754	FGA	2041-04-01
2041-04-10	tropics	6								0.05710484	0.07864959	0.042352222	0.06975869	0.046289723	0.063083604	0.051280867	FGA	2041-04-01
2041-04-11	tropics	6								0.05607668	0.07738429	0.04155108	0.06858397	0.0454063	0.06200135	0.050329946	FGA	2041-04-01
2041-04-12	tropics	6								0.055077277	0.076137654	0.040764444	0.06745236	0.044538926	0.060921412	0.049397796	FGA	2041-04-01
2041-04-13	tropics	6								0.05409463	0.07490947	0.03999208	0.066356026	0.043687362	0.05986308	0.04848895	FGA	2041-04-01
2041-04-14	tropics	6								0.053119667	0.07369946	0.03923373	0.0652762	0.042851333	0.058817215	0.047595944	FGA	2041-04-01
2041-04-15	tropics	6								0.052157983	0.07250137	0.038489163	0.0642127	0.042030577	0.05779624	0.04671856	FGA	2041-04-01
2041-04-16	tropics	6								0.051212735	0.0713164	0.03775657	0.063141845	0.041240938	0.056811072	0.045856528	FGA	2041-04-01
2041-04-17	tropics	6								0.050293397	0.07014931	0.03703242	0.06206505	0.040487707	0.05584168	0.045009628	FGA	2041-04-01
2041-04-18	tropics	6								0.04940155	0.068999834	0.03630762	0.06100541	0.039744817	0.054887768	0.044175584	FGA	2041-04-01
2041-04-19	tropics	6								0.0485247	0.0678678	0.035596468	0.059961468	0.039024796	0.053942293	0.043348648	FGA	2041-04-01
2041-04-20	tropics	6								0.047670335	0.06675296	0.03489872	0.05892816	0.038295966	0.05301216	0.042536482	FGA	2041-04-01
2041-04-21	tropics	6								0.046817303	0.065655105	0.03421415	0.0579195	0.03757112	0.05209716	0.04173884	FGA	2041-04-01
2041-04-22	tropics	6								0.04597497	0.06457402	0.03354253	0.056963637	0.036859468	0.051197086	0.040960476	FGA	2041-04-01
2041-04-23	tropics	6								0.045120507	0.06350949	0.03288362	0.056018285	0.036160775	0.050323725	0.040205047	FGA	2041-04-01
2041-04-24	tropics	6								0.04428632	0.06246131	0.032237224	0.055039886	0.03547482	0.049465835	0.039462976	FGA	2041-04-01
2041-04-25	tropics	6								0.043485567	0.06142924	0.031602927	0.054077573	0.034805935	0.04861553	0.038735356	FGA	2041-04-01
2041-04-26	tropics	6								0.0427038	0.060413096	0.03098056	0.053162135	0.03417605	0.047765	0.038033538	FGA	2041-04-01
2041-04-27	tropics	6								0.041936565	0.059412673	0.030370047	0.05228364	0.03355785	0.046928614	0.037343916	FGA	2041-04-01
2041-04-28	tropics	6								0.04119207	0.058427744	0.029771188	0.05141884	0.032950442	0.04610284	0.03667098	FGA	2041-04-01
2041-04-29	tropics	6								0.04044284	0.057458118	0.029183771	0.050567567	0.032353647	0.045288853	0.036000453	FGA	2041-04-01
2041-04-30	tropics	6								0.039714955	0.056503598	0.02860759	0.049729615	0.03174117	0.044497076	0.035348237	FGA	2041-04-01
2041-05-01	tropics	6								0.03901297	0.055563964	0.028042449	0.04890482	0.031135181	0.043718863	0.034692667	FGA	2041-04-01
2041-05-02	tropics	6								0.038315684	0.05463902	0.02748814	0.048089623	0.03054038	0.0429481	0.03403858	FGA	2041-04-01
2041-05-03	tropics	6								0.037623443	0.053728577	0.026944477	0.04728531	0.029956581	0.04218778	0.0333869	FGA	2041-04-01
2041-05-04	tropics	6								0.03694322	0.052832425	0.026411263	0.046492256	0.029383598	0.041440338	0.032756552	FGA	2041-04-01
2041-05-05	tropics	6								0.03627449	0.051950376	0.025888314	0.04565702	0.028821236	0.040710296	0.03213769	FGA	2041-04-01
2041-05-06	tropics	6								0.03561128	0.051082227	0.025375435	0.044824544	0.02826931	0.040001705	0.031530123	FGA	2041-04-01
2041-05-07	tropics	6								0.0349693	0.050230257	0.024872452	0.04402996	0.027727645	0.039307762	0.03091967	FGA	2041-04-01
2041-05-08	tropics	6								0.034338474	0.049406376	0.02437918	0.04330477	0.027196059	0.03862537	0.030316278	FGA	2041-04-01
2041-05-09	tropics	6								0.03371862	0.048595306	0.023895444	0.042545497	0.026674379	0.037954353	0.029727716	FGA	2041-04-01
2041-05-10	tropics	6								0.033101473	0.047796868	0.023421064	0.04179569	0.026162425	0.03728927	0.029152445	FGA	2041-04-01
2041-05-11	tropics	6								0.03248152	0.04701088	0.02295588	0.041058507	0.025660027	0.036629826	0.028597005	FGA	2041-04-01
2041-05-12	tropics	6								0.031872794	0.046237174	0.022499707	0.040330168	0.025167147	0.035970617	0.0280428	FGA	2041-04-01
2041-05-13	tropics	6								0.03129237	0.04547558	0.022052392	0.039612643	0.02468903	0.035330493	0.02749962	FGA	2041-04-01
2041-05-14	tropics	6								0.0307139	0.044725932	0.021613767	0.038907345	0.024207054	0.034707904	0.026972555	FGA	2041-04-01
2041-05-15	tropics	6								0.030141143	0.043988045	0.021183671	0.0382141	0.023754558	0.03409589	0.026463129	FGA	2041-04-01
2041-05-16	tropics	6								0.029594056	0.04326178	0.020761942	0.037532706	0.023307176	0.03349428	0.025963062	FGA	2041-04-01
2041-05-17	tropics	6								0.02906585	0.042546954	0.02034843	0.03686298	0.022863552	0.03290292	0.025472192	FGA	2041-04-01
2041-05-18	tropics	6								0.028534465	0.04184341	0.019942982	0.036204744	0.022428164	0.03231971	0.024995841	FGA	2041-04-01
2041-05-19	tropics	6								0.028007932	0.041150995	0.01954544	0.035557825	0.022000877	0.031743117	0.024528261	FGA	2041-04-01
2041-05-20	tropics	6								0.027491014	0.04046953	0.019155666	0.034922026	0.021576073	0.031176455	0.024068631	FGA	2041-04-01
2041-05-21	tropics	6								0.026983324	0.039798874	0.018773511	0.034297183	0.021148358	0.030612284	0.023613915	FGA	2041-04-01
2041-05-22	tropics	6								0.026472341	0.039138872	0.018398829	0.03368312	0.020723693	0.030066725	0.023167584	FGA	2041-04-01
2041-05-23	tropics	6								0.025970794	0.038489364	0.018031484	0.03307966	0.020311153	0.02952452	0.02272948	FGA	2041-04-01
2041-05-24	tropics	6								0.025487613	0.037850197	0.017671337	0.032497436	0.019916477	0.028989974	0.022299467	FGA	2041-04-01
2041-05-25	tropics	6								0.025013186	0.037221223	0.01731825	0.031933192	0.019529311	0.028466135	0.021877395	FGA	2041-04-01
2041-05-26	tropics	6								0.024558462	0.036602303	0.016972097	0.031378414	0.019149521	0.027960382	0.021458155	FGA	2041-04-01
2041-05-27	tropics	6								0.024104385	0.035993274	0.016632738	0.03083297	0.018777078	0.02747145	0.021042878	FGA	2041-04-01
2041-05-28	tropics	6								0.023656687	0.035393998	0.016300045	0.030296698	0.018408403	0.026991054	0.020641804	FGA	2041-04-01
2041-05-29	tropics	6								0.023223978	0.034804326	0.015973896	0.029769463	0.01804683	0.026516698	0.020254493	FGA	2041-04-01
2041-05-30	tropics	6								0.02280467	0.034224126	0.015654165	0.02925112	0.017692225	0.02604033	0.019874299	FGA	2041-04-01
2041-05-31	tropics	6								0.022392761	0.03365325	0.015340732	0.028741527	0.017344462	0.02558022	0.019500714	FGA	2041-04-01
2041-06-01	tropics	6								0.021988114	0.033091564	0.015033474	0.028240552	0.01700341	0.025131559	0.019130237	FGA	2041-04-01
2041-06-02	tropics	6								0.021590106	0.032538936	0.014732275	0.027748054	0.016668953	0.024669133	0.018763851	FGA	2041-04-01
2041-06-03	tropics	6								0.021195747	0.031995215	0.014437019	0.027263897	0.016340956	0.024209496	0.018405382	FGA	2041-04-01
2041-06-04	tropics	6								0.020808432	0.031460278	0.014147593	0.026787953	0.016019305	0.02377484	0.018050823	FGA	2041-04-01
2041-06-05	tropics	6								0.020428047	0.030933997	0.013863882	0.026320085	0.015703883	0.023343697	0.017702956	FGA	2041-04-01
2041-06-06	tropics	6								0.02005447	0.03041623	0.013585779	0.025856901	0.015394658	0.022919035	0.017361665	FGA	2041-04-01
2041-06-07	tropics	6								0.019687584	0.029906861	0.013313177	0.025394728	0.015100072	0.022501912	0.01702684	FGA	2041-04-01
2041-06-08	tropics	6								0.019333381	0.029405758	0.013045971	0.024940602	0.014811082	0.022094551	0.016695155	FGA	2041-04-01
2041-06-09	tropics	6								0.018986434	0.02891279	0.0127840545	0.024494385	0.014524924	0.021702603	0.016370596	FGA	2041-04-01
2041-06-10	tropics	6								0.018644582	0.028427847	0.012527328	0.024055958	0.014236572	0.02131746	0.01605377	FGA	2041-04-01
2041-06-11	tropics	6								0.018303614	0.027950792	0.012275689	0.023625184	0.0139561705	0.0209401	0.015742972	FGA	2041-04-01
2041-06-12	tropics	6								0.017961137	0.027481513	0.012029041	0.023201933	0.013684263	0.020569567	0.015438093	FGA	2041-04-01
2041-06-13	tropics	6								0.01761565	0.027019886	0.011787289	0.022786085	0.013417585	0.020205233	0.015139027	FGA	2041-04-01
2041-06-14	tropics	6								0.017278787	0.0265658	0.011550334	0.02237752	0.01315603	0.01984229	0.014845662	FGA	2041-04-01
2041-06-15	tropics	6								0.016961645	0.026119128	0.011318088	0.021976113	0.012899505	0.019489808	0.014558207	FGA	2041-04-01
2041-06-16	tropics	6								0.016650222	0.02567977	0.0110904565	0.021581741	0.0126479175	0.019143142	0.014277355	FGA	2041-04-01
2041-06-17	tropics	6								0.016344424	0.025247607	0.01086735	0.021194292	0.012401173	0.01880081	0.014003088	FGA	2041-04-01
2041-06-18	tropics	6								0.016044393	0.024822528	0.010647421	0.020815168	0.012159181	0.01846247	0.013738806	FGA	2041-04-01
2041-06-19	tropics	6								0.01574568	0.024404675	0.01043072	0.020445447	0.011921851	0.018127356	0.013480265	FGA	2041-04-01
2041-06-20	tropics	6								0.015460201	0.023994014	0.010218381	0.020082166	0.011689096	0.017796546	0.013227291	FGA	2041-04-01
2041-06-21	tropics	6								0.015180882	0.023590093	0.01001032	0.019725198	0.01146089	0.017471466	0.012979002	FGA	2041-04-01
2041-06-22	tropics	6								0.014906529	0.023192806	0.0098064495	0.01937445	0.011237772	0.017155189	0.01273531	FGA	2041-04-01
2041-06-23	tropics	6								0.014637062	0.022802051	0.009606692	0.019029815	0.0110191265	0.01684402	0.012496136	FGA	2041-04-01
2041-06-24	tropics	6								0.014372392	0.022417722	0.009410961	0.018691191	0.010804688	0.016538395	0.012258762	FGA	2041-04-01
2041-06-25	tropics	6								0.014112438	0.022039723	0.00921918	0.018358473	0.0105943745	0.016238222	0.012022998	FGA	2041-04-01
2041-06-26	tropics	6								0.013854368	0.021667955	0.00903127	0.018031565	0.01038811	0.015942788	0.011787689	FGA	2041-04-01
2041-06-27	tropics	6								0.013593701	0.02130232	0.008847153	0.017710373	0.01018582	0.015651435	0.0115570715	FGA	2041-04-01
2041-06-28	tropics	6								0.013337874	0.020942716	0.008666756	0.017394798	0.009987428	0.015368599	0.011332342	FGA	2041-04-01
2041-06-29	tropics	6								0.013082791	0.020589052	0.00848991	0.017084744	0.009792861	0.0150938025	0.01111512	FGA	2041-04-01
2041-06-30	tropics	6								0.012832586	0.020241236	0.008315933	0.016780121	0.009602046	0.01482158	0.010905686	FGA	2041-04-01
2041-07-01	tropics	6								0.012592657	0.019899175	0.008145491	0.016480835	0.009414912	0.014555275	0.010701715	FGA	2041-04-01
2041-07-02	tropics	6								0.012362291	0.019562775	0.007978513	0.016186796	0.0092313895	0.01428784	0.010495565	FGA	2041-04-01
2041-07-03	tropics	6								0.01213708	0.019231947	0.007814931	0.015897915	0.0090514105	0.014025249	0.0102928225	FGA	2041-04-01
2041-07-04	tropics	6								0.01191592	0.018906606	0.0076546757	0.015614106	0.008874909	0.013769055	0.010094395	FGA	2041-04-01
2041-07-05	tropics	6								0.01169874	0.018586662	0.007497681	0.015335284	0.008701817	0.013517949	0.00989985	FGA	2041-04-01
2041-07-06	tropics	6								0.011483619	0.01827203	0.0073438818	0.015061363	0.008532071	0.01327136	0.009709016	FGA	2041-04-01
2041-07-07	tropics	6								0.011269873	0.017962623	0.0071932143	0.014792257	0.008367202	0.013032244	0.009522286	FGA	2041-04-01
2041-07-08	tropics	6								0.01105752	0.017658358	0.0070456155	0.014527884	0.0082061635	0.012796774	0.009340917	FGA	2041-04-01
2041-07-09	tropics	6								0.010847811	0.017359156	0.006901023	0.014268169	0.00804676	0.012565306	0.009162968	FGA	2041-04-01
2041-07-10	tropics	6								0.010644435	0.017064935	0.0067593767	0.014015368	0.007889016	0.012336703	0.008987479	FGA	2041-04-01
2041-07-11	tropics	6								0.010448055	0.016775614	0.006620619	0.013770891	0.0077374065	0.012112736	0.008814545	FGA	2041-04-01
2041-07-12	tropics	6								0.010255258	0.016491111	0.0064846906	0.013530621	0.0075886887	0.011894622	0.00864675	FGA	2041-04-01
2041-07-13	tropics	6								0.010065982	0.016211355	0.006351533	0.01328955	0.007440268	0.011680387	0.008481087	FGA	2041-04-01
2041-07-14	tropics	6								0.009880163	0.015936263	0.0062210932	0.013050415	0.0072944094	0.011469967	0.00831832	FGA	2041-04-01
2041-07-15	tropics	6								0.009697739	0.015665766	0.006093315	0.012815525	0.007151387	0.0112632895	0.008159665	FGA	2041-04-01
2041-07-16	tropics	6								0.009518651	0.015399789	0.005968145	0.012584803	0.0070111505	0.011058797	0.008005604	FGA	2041-04-01
2041-07-17	tropics	6								0.009341781	0.015138254	0.0058454373	0.012358184	0.0068736435	0.010855566	0.007854426	FGA	2041-04-01
2041-07-18	tropics	6								0.009166332	0.014881093	0.0057251947	0.01213559	0.0067388136	0.010656027	0.007706081	FGA	2041-04-01
2041-07-19	tropics	6								0.008994145	0.014628234	0.0056074117	0.011916955	0.0066067996	0.010462006	0.007560516	FGA	2041-04-01
2041-07-20	tropics	6								0.00882707	0.0143796075	0.0054920376	0.011706524	0.006477427	0.01027299	0.007417679	FGA	2041-04-01
2041-07-21	tropics	6								0.0086631235	0.0141351465	0.005379025	0.011501742	0.00635057	0.0100863	0.0072775194	FGA	2041-04-01
2041-07-22	tropics	6								0.008501044	0.013894782	0.0052683246	0.011300499	0.0062283734	0.009902969	0.007139813	FGA	2041-04-01
2041-07-23	tropics	6								0.008341219	0.0136584435	0.0051609473	0.011102737	0.006108533	0.009722936	0.0070038144	FGA	2041-04-01
2041-07-24	tropics	6								0.008184375	0.013424427	0.0050565694	0.010908398	0.0059909844	0.00954614	0.006870539	FGA	2041-04-01
2041-07-25	tropics	6								0.008030456	0.013192655	0.0049535087	0.010717419	0.0058756843	0.009372531	0.006739782	FGA	2041-04-01
2041-07-26	tropics	6								0.007879408	0.01296483	0.0048525394	0.010529123	0.005762588	0.009202047	0.006611497	FGA	2041-04-01
2041-07-27	tropics	6								0.007731177	0.012740888	0.004753619	0.010344099	0.005651658	0.009034637	0.0064856373	FGA	2041-04-01
2041-07-28	tropics	6								0.0075857127	0.012520761	0.0046566944	0.010162293	0.0055428506	0.00887024	0.006361068	FGA	2041-04-01
2041-07-29	tropics	6								0.007442964	0.012304388	0.004561604	0.009983649	0.0054361257	0.00870881	0.0062385183	FGA	2041-04-01
2041-07-30	tropics	6								0.007302881	0.0120917065	0.004468448	0.009808112	0.005331444	0.008550293	0.0061183134	FGA	2041-04-01
2041-07-31	tropics	6								0.007165416	0.011882655	0.004377185	0.009635632	0.0052287667	0.008394988	0.0060004084	FGA	2041-04-01
2041-08-01	tropics	6								0.0070302505	0.011677173	0.004287182	0.009466154	0.005128058	0.00824252	0.005884762	FGA	2041-04-01
2041-08-02	tropics	6								0.0068965573	0.011475201	0.004198547	0.009299588	0.005028983	0.008091934	0.0057713306	FGA	2041-04-01
2041-08-03	tropics	6								0.0067653907	0.011276683	0.0041117365	0.009135826	0.00492856	0.007943105	0.0056600715	FGA	2041-04-01
2041-08-04	tropics	6								0.0066367006	0.011081558	0.0040267133	0.008973898	0.0048292256	0.007797654	0.005550945	FGA	2041-04-01
2041-08-05	tropics	6								0.0065107467	0.0108897695	0.0039434405	0.008810883	0.004731884	0.0076548443	0.00544391	FGA	2041-04-01
2041-08-06	tropics	6								0.0063883234	0.010701262	0.0038618837	0.008650622	0.0046364944	0.007514631	0.005339208	FGA	2041-04-01
2041-08-07	tropics	6								0.0062681874	0.010515984	0.0037820062	0.00849325	0.00454302	0.007376965	0.005236552	FGA	2041-04-01
2041-08-08	tropics	6								0.0061502964	0.010333878	0.003703775	0.008338717	0.00445142	0.00724255	0.0051357173	FGA	2041-04-01
2041-08-09	tropics	6								0.006034609	0.010154891	0.0036271554	0.008186973	0.0043616593	0.0071111713	0.0050366013	FGA	2041-04-01
2041-08-10	tropics	6								0.0059210844	0.009978971	0.0035521146	0.008037965	0.0042737	0.0069821607	0.004939389	FGA	2041-04-01
2041-08-11	tropics	6								0.0058096824	0.00980607	0.0034786214	0.007893534	0.0041875066	0.006855473	0.0048440434	FGA	2041-04-01
2041-08-12	tropics	6								0.005700457	0.00963613	0.0034066425	0.00775313	0.00410349	0.0067310673	0.00475053	FGA	2041-04-01
2041-08-13	tropics	6								0.0055945413	0.00946911	0.003336148	0.007615203	0.0040227654	0.0066089043	0.004658812	FGA	2041-04-01
2041-08-14	tropics	6								0.0054905806	0.009304954	0.0032671075	0.0074797096	0.0039436226	0.006488942	0.0045688585	FGA	2041-04-01
2041-08-15	tropics	6								0.005388541	0.009143617	0.0031994907	0.0073459414	0.0038660457	0.006371144	0.0044806325	FGA	2041-04-01
2041-08-16	tropics	6								0.0052883886	0.00898505	0.003133685	0.0072131148	0.0037901076	0.0062554693	0.0043943347	FGA	2041-04-01
2041-08-17	tropics	6								0.005190085	0.008829209	0.0030711887	0.007078303	0.0037156555	0.0061418824	0.0043100948	FGA	2041-04-01
2041-08-18	tropics	6								0.0050936006	0.008676044	0.0030099372	0.0069454545	0.0036422666	0.0060303444	0.0042260615	FGA	2041-04-01
2041-08-19	tropics	6								0.004998899	0.008525513	0.0029498064	0.0068150847	0.003570339	0.0059208204	0.0041436604	FGA	2041-04-01
2041-08-20	tropics	6								0.004905949	0.008377572	0.0028907717	0.0066882293	0.003499877	0.005813272	0.0040628575	FGA	2041-04-01
2041-08-21	tropics	6								0.004814719	0.008232174	0.002832916	0.0065712235	0.0034308012	0.0057076663	0.0039836247	FGA	2041-04-01
2041-08-22	tropics	6								0.004725176	0.008089278	0.0027762172	0.0064565833	0.0033630833	0.005603968	0.0039060721	FGA	2041-04-01
2041-08-23	tropics	6								0.0046372903	0.007948843	0.0027206503	0.006343929	0.0032966977	0.0055021425	0.0038300822	FGA	2041-04-01
2041-08-24	tropics	6								0.0045510307	0.007810825	0.002665312	0.0062329415	0.0032319091	0.005402157	0.0037555655	FGA	2041-04-01
2041-08-25	tropics	6								0.004466369	0.0076751835	0.0026105808	0.0061205723	0.003168401	0.0053039785	0.0036828099	FGA	2041-04-01
2041-08-26	tropics	6								0.004382466	0.00754188	0.0025569699	0.0060102167	0.0031061368	0.0052075745	0.0036122387	FGA	2041-04-01
2041-08-27	tropics	6								0.0042995205	0.007410874	0.0025044575	0.0059014903	0.0030450923	0.005112913	0.0035431143	FGA	2041-04-01
2041-08-28	tropics	6								0.0042181397	0.007282124	0.0024530205	0.005794633	0.002985244	0.0050199376	0.003475666	FGA	2041-04-01
2041-08-29	tropics	6								0.004138292	0.007155595	0.002402637	0.005689698	0.0029271499	0.0049285274	0.003409498	FGA	2041-04-01
2041-08-30	tropics	6								0.0040599494	0.0070312484	0.002353286	0.005586653	0.0028705755	0.0048387735	0.0033445852	FGA	2041-04-01
2041-08-31	tropics	6								0.0039830846	0.006909047	0.0023049463	0.005485463	0.0028141325	0.0047506457	0.0032804657	FGA	2041-04-01
2041-09-01	tropics	6								0.0039076693	0.0067889546	0.0022575974	0.0053860964	0.0027587959	0.004664116	0.0032173567	FGA	2041-04-01
2041-09-02	tropics	6								0.0038336762	0.0066709346	0.0022112182	0.00528852	0.0027045442	0.004579154	0.0031559407	FGA	2041-04-01
2041-09-03	tropics	6								0.0037610796	0.0065549514	0.00216579	0.0051927017	0.0026513562	0.0044957325	0.0030956934	FGA	2041-04-01
2041-09-04	tropics	6								0.0036898525	0.006440971	0.0021213314	0.00509861	0.0025992114	0.0044138245	0.0030363367	FGA	2041-04-01
2041-09-05	tropics	6								0.0036189107	0.0063289595	0.0020784645	0.005006214	0.00254809	0.004333401	0.0029789475	FGA	2041-04-01
2041-09-06	tropics	6								0.0035491302	0.006218884	0.0020364623	0.004915485	0.0024979706	0.004254438	0.0029218264	FGA	2041-04-01
2041-09-07	tropics	6								0.00348069	0.00611071	0.001995307	0.004826393	0.002448835	0.004176906	0.0028652227	FGA	2041-04-01
2041-09-08	tropics	6								0.003414441	0.0060044057	0.0019549816	0.004738906	0.0024006637	0.004100781	0.0028095883	FGA	2041-04-01
2041-09-09	tropics	6								0.003349903	0.005899939	0.0019154698	0.004652997	0.0023535162	0.004026447	0.0027550296	FGA	2041-04-01
2041-09-10	tropics	6								0.003286582	0.0057972795	0.0018767546	0.004568639	0.0023072972	0.003953518	0.0027014804	FGA	2041-04-01
2041-09-11	tropics	6								0.0032244534	0.0056963945	0.0018388209	0.0044858037	0.0022619832	0.0038819048	0.0026488153	FGA	2041-04-01
2041-09-12	tropics	6								0.0031634965	0.005597255	0.0018016523	0.004404462	0.0022178253	0.0038115834	0.0025971737	FGA	2041-04-01
2041-09-13	tropics	6								0.0031036877	0.005499832	0.0017652337	0.00432459	0.002174804	0.003742531	0.0025465367	FGA	2041-04-01
2041-09-14	tropics	6								0.0030450071	0.005404094	0.0017295498	0.00424616	0.002132615	0.003674725	0.0024968847	FGA	2041-04-01
2041-09-15	tropics	6								0.0029874328	0.005310013	0.0016945862	0.004169146	0.0020912425	0.0036080948	0.0024481977	FGA	2041-04-01
2041-09-16	tropics	6								0.0029309436	0.00521756	0.001660328	0.0040935227	0.0020506708	0.0035412463	0.0024005484	FGA	2041-04-01
2041-09-17	tropics	6								0.002876347	0.00512671	0.0016267613	0.004019266	0.002010884	0.0034770025	0.0023538296	FGA	2041-04-01
2041-09-18	tropics	6								0.0028228404	0.0050374325	0.0015938722	0.003946351	0.0019718676	0.003414188	0.0023083133	FGA	2041-04-01
2041-09-19	tropics	6								0.002770326	0.004949702	0.0015616469	0.0038747527	0.0019325381	0.0033525047	0.0022637667	FGA	2041-04-01
2041-09-20	tropics	6								0.0027189117	0.0048634904	0.0015300722	0.0038044488	0.0018937293	0.003292088	0.0022201687	FGA	2041-04-01
2041-09-21	tropics	6								0.002668568	0.004778774	0.0014991349	0.003735415	0.0018556982	0.0032329531	0.0021772615	FGA	2041-04-01
2041-09-22	tropics	6								0.002619153	0.004695526	0.0014688221	0.0036676296	0.0018184292	0.0031746114	0.0021355357	FGA	2041-04-01
2041-09-23	tropics	6								0.0025706505	0.0046137194	0.0014391213	0.0036010696	0.0017820885	0.0031167087	0.0020946935	FGA	2041-04-01
2041-09-24	tropics	6								0.0025230441	0.0045333323	0.0014100204	0.0035357135	0.001746936	0.0030590352	0.0020543123	FGA	2041-04-01
2041-09-25	tropics	6								0.0024763173	0.00445434	0.0013815069	0.0034730313	0.0017124752	0.0030034669	0.0020147082	FGA	2041-04-01
2041-09-26	tropics	6								0.0024304532	0.004376717	0.0013535696	0.0034118562	0.0016786935	0.0029488634	0.0019760584	FGA	2041-04-01
2041-09-27	tropics	6								0.002385437	0.0043004407	0.001326196	0.0033512348	0.0016455824	0.0028951396	0.0019381575	FGA	2041-04-01
2041-09-28	tropics	6								0.0023412523	0.0042254874	0.0012993757	0.0032905831	0.0016131841	0.0028423644	0.0019009823	FGA	2041-04-01
2041-09-29	tropics	6								0.002297824	0.004151835	0.0012730869	0.003231025	0.0015814231	0.0027905484	0.0018642899	FGA	2041-04-01
2041-09-30	tropics	6								0.002254631	0.004079461	0.0012473144	0.003172542	0.0015502862	0.0027395762	0.0018282399	FGA	2041-04-01
2041-10-01	tropics	6								0.0022122478	0.004008343	0.0012220629	0.0031151143	0.0015197609	0.0026894598	0.0017924054	FGA	2041-04-01
2041-10-02	tropics	6								0.0021706596	0.00393846	0.0011973219	0.0030587222	0.001489836	0.0026402082	0.0017573381	FGA	2041-04-01
2041-10-03	tropics	6								0.0021298518	0.0038697897	0.0011730813	0.0030033484	0.001460561	0.0025914614	0.0017230795	FGA	2041-04-01
2041-10-04	tropics	6								0.0020898096	0.0038023118	0.0011493311	0.0029489745	0.0014318601	0.0025436117	0.0016894878	FGA	2041-04-01
2041-10-05	tropics	6								0.0020505192	0.0037360068	0.001126061	0.0028955813	0.0014037224	0.0024966437	0.0016568581	FGA	2041-04-01
2041-10-06	tropics	6								0.0020119655	0.0036708533	0.0011032615	0.0028431532	0.0013761368	0.0024505407	0.0016248052	FGA	2041-04-01
2041-10-07	tropics	6								0.0019741356	0.0036068317	0.001080923	0.0027916708	0.0013490928	0.0024052875	0.0015937523	FGA	2041-04-01
2041-10-08	tropics	6								0.0019370157	0.0035439217	0.0010590365	0.0027411187	0.0013226815	0.0023608673	0.0015634536	FGA	2041-04-01
2041-10-09	tropics	6								0.0019005924	0.0034821057	0.0010375925	0.0026914792	0.0012970758	0.0023171653	0.00153373	FGA	2041-04-01
2041-10-10	tropics	6								0.0018648528	0.003421364	0.0010165826	0.0026427363	0.0012719651	0.0022745978	0.0015045705	FGA	2041-04-01
2041-10-11	tropics	6								0.0018299101	0.0033616775	0.0009959975	0.0025948738	0.0012473396	0.0022328263	0.0014759643	FGA	2041-04-01
2041-10-12	tropics	6								0.0017960502	0.003303029	0.0009758287	0.002547876	0.0012231106	0.0021918206	0.0014479017	FGA	2041-04-01
2041-10-13	tropics	6								0.0017625846	0.0032453998	0.00095606805	0.0025017268	0.0011989598	0.0021515666	0.0014201023	FGA	2041-04-01
2041-10-14	tropics	6								0.0017298344	0.0031887738	0.00093670713	0.0024564124	0.0011752853	0.0021120498	0.0013927678	FGA	2041-04-01
2041-10-15	tropics	6								0.0016982704	0.0031331317	0.000917738	0.0024129914	0.0011520777	0.0020732575	0.0013659585	FGA	2041-04-01
2041-10-16	tropics	6								0.0016669036	0.0030784572	0.00089915266	0.0023704423	0.001129328	0.0020349068	0.0013396647	FGA	2041-04-01
2041-10-17	tropics	6								0.0016360849	0.0030247339	0.0008809434	0.0023285747	0.0011070267	0.0019981985	0.0013138764	FGA	2041-04-01
2041-10-18	tropics	6								0.0016055761	0.0029719453	0.0008631025	0.00228737	0.0010851657	0.0019619218	0.0012881551	FGA	2041-04-01
2041-10-19	tropics	6								0.0015755262	0.0029208239	0.0008456226	0.0022468928	0.0010637356	0.0019263026	0.0012628932	FGA	2041-04-01
2041-10-20	tropics	6								0.0015457952	0.0028706111	0.0008284964	0.0022071307	0.0010427284	0.0018913286	0.0012381265	FGA	2041-04-01
2041-10-21	tropics	6								0.0015165319	0.002821259	0.0008117169	0.0021680703	0.0010221355	0.0018566828	0.0012138447	FGA	2041-04-01
2041-10-22	tropics	6								0.0014878219	0.0027727536	0.00079527684	0.0021296998	0.001001949	0.0018225908	0.0011900386	FGA	2041-04-01
2041-10-23	tropics	6								0.0014596544	0.0027250797	0.00077916967	0.0020920068	0.0009821606	0.0017891239	0.00116673	FGA	2041-04-01
2041-10-24	tropics	6								0.001432019	0.0026782225	0.00076338823	0.0020549803	0.0009627628	0.0017562702	0.0011440906	FGA	2041-04-01
2041-10-25	tropics	6								0.0014049063	0.00263217	0.0007479264	0.002018607	0.00094374764	0.0017240192	0.0011214515	FGA	2041-04-01
2041-10-26	tropics	6								0.0013783062	0.002586907	0.0007327776	0.0019828763	0.00092510757	0.0016923369	0.0010990759	FGA	2041-04-01
2041-10-27	tropics	6								0.0013522087	0.0025424205	0.0007179351	0.0019477772	0.0009068354	0.0016609918	0.001077285	FGA	2041-04-01
2041-10-28	tropics	6								0.0013266047	0.002498697	0.0007033932	0.001913298	0.0008889239	0.0016302263	0.0010562885	FGA	2041-04-01
2041-10-29	tropics	6								0.0013014849	0.002455724	0.0006891457	0.0018794282	0.0008713658	0.00160003	0.0010361191	FGA	2041-04-01
2041-10-30	tropics	6								0.0012768399	0.0024134882	0.00067518663	0.0018461571	0.0008541541	0.0015703754	0.0010163928	FGA	2041-04-01
2041-10-31	tropics	6								0.001252661	0.002371977	0.0006615099	0.0018134735	0.0008373304	0.0015411625	0.0009970416	FGA	2041-04-01
2041-11-01	tropics	6								0.0012289394	0.0023311784	0.00064811023	0.0017813676	0.0008211468	0.0015124924	0.0009780582	FGA	2041-04-01
2041-11-02	tropics	6								0.0012056662	0.0022910798	0.0006349817	0.0017498292	0.0008051313	0.0014843545	0.0009594361	FGA	2041-04-01
2041-11-03	tropics	6								0.0011828332	0.0022516698	0.0006221191	0.0017188484	0.0007891994	0.0014567395	0.0009411576	FGA	2041-04-01
2041-11-04	tropics	6								0.0011604324	0.002212936	0.00060951675	0.0016884147	0.0007735821	0.0014296379	0.0009229934	FGA	2041-04-01
2041-11-05	tropics	6								0.0011385559	0.002174867	0.0005971696	0.0016585196	0.0007582739	0.0014030392	0.0009051796	FGA	2041-04-01
2041-11-06	tropics	6								0.0011171489	0.002137452	0.00058507244	0.0016288856	0.0007432681	0.0013769348	0.0008877092	FGA	2041-04-01
2041-11-07	tropics	6								0.0010961439	0.002100679	0.0005732202	0.0015993506	0.00072856195	0.0013513154	0.00087057584	FGA	2041-04-01
2041-11-08	tropics	6								0.0010755333	0.0020645373	0.00056160794	0.0015703503	0.0007141481	0.0013261723	0.0008537727	FGA	2041-04-01
2041-11-09	tropics	6								0.0010553099	0.0020290164	0.0005502308	0.0015418751	0.0007000192	0.001301496	0.0008372937	FGA	2041-04-01
2041-11-10	tropics	6								0.0010354662	0.0019941055	0.00053908397	0.0015139153	0.0006861697	0.0012772785	0.00082113256	FGA	2041-04-01
2041-11-11	tropics	6								0.0010159954	0.0019597947	0.00052816287	0.0014864621	0.00067259406	0.001253511	0.00080528297	FGA	2041-04-01
2041-11-12	tropics	6								0.0009968902	0.0019260729	0.0005174629	0.0014595055	0.00065928686	0.0012301854	0.0007897391	FGA	2041-04-01
2041-11-13	tropics	6								0.0009781439	0.0018929299	0.00050697965	0.0014330376	0.0006462426	0.0012072931	0.00077449507	FGA	2041-04-01
2041-11-14	tropics	6								0.0009597499	0.0018603563	0.0004967087	0.0014070488	0.0006335137	0.0011848263	0.000759503	FGA	2041-04-01
2041-11-15	tropics	6								0.00094170135	0.0018283424	0.00048664561	0.0013815307	0.0006211616	0.0011627772	0.00074469973	FGA	2041-04-01
2041-11-16	tropics	6								0.00092399196	0.0017968786	0.0004767864	0.0013564746	0.0006090499	0.0011412022	0.0007301846	FGA	2041-04-01
2041-11-17	tropics	6								0.0009066151	0.0017659556	0.00046712678	0.0013318727	0.00059717445	0.0011203649	0.00071595225	FGA	2041-04-01
2041-11-18	tropics	6								0.0008895305	0.0017355634	0.00045766283	0.0013077162	0.00058553036	0.001099908	0.0007019972	FGA	2041-04-01
2041-11-19	tropics	6								0.00087275694	0.0017056934	0.00044839058	0.0012839974	0.0005741129	0.0010796988	0.0006883139	FGA	2041-04-01
2041-11-20	tropics	6								0.0008562993	0.0016763371	0.00043930605	0.0012608313	0.0005629183	0.001060008	0.0006748999	FGA	2041-04-01
2041-11-21	tropics	6								0.0008401518	0.0016474851	0.00043040552	0.0012385375	0.0005519417	0.0010407392	0.0006618344	FGA	2041-04-01
2041-11-22	tropics	6								0.00082430866	0.001619129	0.0004216853	0.0012166373	0.0005410672	0.0010217086	0.0006490216	FGA	2041-04-01
2041-11-23	tropics	6								0.0008087639	0.0015912987	0.0004131416	0.001195124	0.00053031056	0.001002794	0.00063645665	FGA	2041-04-01
2041-11-24	tropics	6								0.00079351215	0.0015639513	0.00040477098	0.0011739908	0.0005197677	0.0009842212	0.0006241349	FGA	2041-04-01
2041-11-25	tropics	6								0.00077854766	0.001537073	0.00039656987	0.0011532304	0.0005094343	0.00096599216	0.00061205146	FGA	2041-04-01
2041-11-26	tropics	6								0.0007638653	0.0015106561	0.00038853497	0.0011328369	0.00049930625	0.00094810035	0.00060020195	FGA	2041-04-01
2041-11-27	tropics	6								0.0007494595	0.0014846927	0.0003806627	0.0011128038	0.00048937945	0.0009305395	0.0005886155	FGA	2041-04-01
2041-11-28	tropics	6								0.000735332	0.0014591748	0.0003729499	0.0010931244	0.0004796499	0.0009133037	0.0005772874	FGA	2041-04-01
2041-11-29	tropics	6								0.00072157127	0.0014340951	0.0003653933	0.0010737926	0.00047011368	0.0008963868	0.0005661772	FGA	2041-04-01
2041-11-30	tropics	6								0.00070807047	0.0014094455	0.00035798977	0.0010548023	0.000460767	0.0008797829	0.0005552807	FGA	2041-04-01
2041-12-01	tropics	6								0.00069482217	0.0013852195	0.0003507534	0.0010361475	0.00045163097	0.0008634863	0.0005445939	FGA	2041-04-01
2041-12-02	tropics	6								0.00068174885	0.0013614094	0.00034376554	0.0010178222	0.00044272133	0.0008474912	0.0005341125	FGA	2041-04-01
2041-12-03	tropics	6								0.0006688927	0.0013380079	0.00033691688	0.0009998207	0.0004339873	0.00083179236	0.00052383286	FGA	2041-04-01
2041-12-04	tropics	6								0.0006562872	0.0013150082	0.00033020458	0.000982137	0.00042542553	0.00081658224	0.0005137509	FGA	2041-04-01
2041-12-05	tropics	6								0.0006440477	0.0012924032	0.000323626	0.0009647661	0.0004170326	0.000801643	0.0005038628	FGA	2041-04-01
2041-12-06	tropics	6								0.00063198863	0.0012701867	0.00031717846	0.000947702	0.0004088052	0.00078692555	0.0004941958	FGA	2041-04-01
2041-12-07	tropics	6								0.0006200124	0.0012483515	0.00031085932	0.0009309394	0.00040074007	0.0007724781	0.00048464892	FGA	2041-04-01
2041-12-08	tropics	6								0.0006082761	0.0012268912	0.0003046661	0.0009144731	0.00039283387	0.00075829553	0.00047524367	FGA	2041-04-01
2041-12-09	tropics	6								0.0005968419	0.0012057995	0.00029859616	0.0008982976	0.00038508367	0.0007443733	0.00046604287	FGA	2041-04-01
2041-12-10	tropics	6								0.0005855801	0.0011850703	0.00029264714	0.00088240794	0.00037748629	0.0007307065	0.00045702024	FGA	2041-04-01
2041-12-11	tropics	6								0.0005744912	0.0011646968	0.00028681662	0.0008667992	0.00037003867	0.00071729044	0.00044817227	FGA	2041-04-01
2041-12-12	tropics	6								0.0005636122	0.0011446732	0.00028110223	0.0008514662	0.00036274205	0.0007041205	0.00043949546	FGA	2041-04-01
2041-12-13	tropics	6								0.0005529296	0.0011249937	0.00027550163	0.00083640433	0.00035559016	0.00069119217	0.00043098652	FGA	2041-04-01
2041-12-14	tropics	6								0.0005424139	0.001105652	0.00027001265	0.00082159444	0.00034857925	0.0006785012	0.00042264225	FGA	2041-04-01
2041-12-15	tropics	6								0.00053209823	0.0010866426	0.00026463298	0.0008070306	0.00034170994	0.000666043	0.00041445956	FGA	2041-04-01
2041-12-16	tropics	6								0.00052197854	0.0010679598	0.00025936047	0.00079272455	0.0003349871	0.0006538136	0.00040645874	FGA	2041-04-01
2041-12-17	tropics	6								0.0005120513	0.0010495979	0.00025419294	0.000778672	0.00032839642	0.00064180844	0.00039861797	FGA	2041-04-01
2041-12-18	tropics	6								0.0005023127	0.0010315514	0.0002491284	0.0007648684	0.0003219354	0.00063002354	0.00039092833	FGA	2041-04-01
2041-12-19	tropics	6								0.00049275917	0.0010138126	0.00024416472	0.0007513093	0.0003154628	0.0006183941	0.00038338703	FGA	2041-04-01
2041-12-20	tropics	6								0.00048338727	0.000996124	0.00023929996	0.00073799025	0.0003092806	0.00060692756	0.00037599113	FGA	2041-04-01
2041-12-21	tropics	6								0.0004741968	0.000978744	0.0002345321	0.00072490727	0.00030325723	0.00059565884	0.00036873782	FGA	2041-04-01
2041-12-22	tropics	6								0.00046519094	0.0009616668	0.00022985916	0.00071205595	0.00029726414	0.00058456184	0.00036154944	FGA	2041-04-01
2041-12-23	tropics	6								0.00045635604	0.00094488723	0.00022527935	0.0006994324	0.00029138947	0.0005736715	0.00035435276	FGA	2041-04-01
2041-12-24	tropics	6								0.00044778618	0.00092840026	0.00022079075	0.00068703236	0.0002856377	0.0005629838	0.00034733352	FGA	2041-04-01
2041-12-25	tropics	6								0.0004393966	0.0009122005	0.00021639159	0.000674852	0.00028000557	0.0005524951	0.0003405671	FGA	2041-04-01
2041-12-26	tropics	6								0.00043116417	0.00089628325	0.00021208008	0.0006628875	0.00027448445	0.0005422019	0.00033399079	FGA	2041-04-01
2041-12-27	tropics	6								0.0004229477	0.00088064343	0.00020785442	0.00065113493	0.00026907213	0.00053221587	0.0003275572	FGA	2041-04-01
2041-12-28	tropics	6								0.00041480412	0.0008652763	0.00020371295	0.00063959067	0.00026376647	0.00052248413	0.00032124753	FGA	2041-04-01
2041-12-29	tropics	6								0.00040681724	0.00085017725	0.00019965401	0.0006282509	0.00025856544	0.00051285676	0.00031505938	FGA	2041-04-01
2041-12-30	tropics	6								0.0003990336	0.0008353411	0.00019567591	0.00061711215	0.00025346695	0.000503364	0.0003089904	FGA	2041-04-01
2041-12-31	tropics	6								0.0003914546	0.0008207638	0.00019177707	0.00060617074	0.00024846895	0.00049404695	0.00030303828	FGA	2041-04-01
2042-01-01	tropics	6								0.0003840195	0.00080644066	0.00018795588	0.00059542304	0.00024356946	0.00048490232	0.00029720075	FGA	2041-04-01
2042-01-02	tropics	6								0.00037672563	0.0007923673	0.00018421083	0.00058486586	0.00023876657	0.00047592685	0.00029147568	FGA	2041-04-01
2042-01-03	tropics	6								0.00036957022	0.00077853934	0.00018054042	0.0005744958	0.00023405837	0.0004671174	0.0002858608	FGA	2041-04-01
2042-01-04	tropics	6								0.0003625506	0.00076495245	0.00017694311	0.0005643094	0.00022944296	0.00045847107	0.0002803541	FGA	2041-04-01
2042-01-05	tropics	6								0.0003556643	0.00075160246	0.00017341744	0.0005543036	0.00022491855	0.00044998457	0.00027495346	FGA	2041-04-01
2042-01-06	tropics	6								0.0003489087	0.0007384854	0.00016996205	0.0005445351	0.00022048333	0.00044165517	0.0002696568	FGA	2041-04-01
2042-01-07	tropics	6								0.0003423635	0.00072559697	0.00016657548	0.0005348491	0.00021613555	0.00043351852	0.00026446214	FGA	2041-04-01
2042-01-08	tropics	6								0.0003359506	0.0007129333	0.00016325641	0.00052539655	0.0002118735	0.00042559011	0.00025936752	FGA	2041-04-01
2042-01-09	tropics	6								0.0003296578	0.0007004905	0.00016000344	0.0005161109	0.00020769547	0.00041780656	0.00025437103	FGA	2041-04-01
2042-01-10	tropics	6								0.00032348288	0.0006882647	0.00015681528	0.00050698925	0.0002035998	0.00041016538	0.0002494708	FGA	2041-04-01
2042-01-11	tropics	6								0.00031742355	0.0006762521	0.00015369063	0.00049802876	0.00019958489	0.0004026639	0.00024466496	FGA	2041-04-01
2042-01-12	tropics	6								0.00031147772	0.000664449	0.00015062824	0.00048922666	0.00019564912	0.00039529952	0.00023995162	FGA	2041-04-01
2042-01-13	tropics	6								0.0003056433	0.0006528518	0.00014762687	0.00048057988	0.00019179095	0.0003880698	0.00023532905	FGA	2041-04-01
2042-01-14	tropics	6								0.00029991812	0.000641457	0.0001446853	0.0004720859	0.00018800885	0.00038097228	0.00023079553	FGA	2041-04-01
2042-01-15	tropics	6								0.0002943001	0.0006302608	0.00014180235	0.00046374192	0.00018430132	0.00037400454	0.00022634937	FGA	2041-04-01
2042-01-16	tropics	6								0.00028878736	0.0006192599	0.0001389768	0.00045554547	0.0001806669	0.0003671641	0.00022198878	FGA	2041-04-01
2042-01-17	tropics	6								0.0002833687	0.0006084509	0.00013620757	0.00044749372	0.0001771041	0.00036044873	0.00021771221	FGA	2041-04-01
2042-01-18	tropics	6								0.0002780087	0.00059783045	0.00013349351	0.00043958428	0.00017361154	0.00035385616	0.00021351801	FGA	2041-04-01
2042-01-19	tropics	6								0.0002727501	0.0005873952	0.00013083355	0.00043181455	0.0001701879	0.00034738416	0.00020940459	FGA	2041-04-01
2042-01-20	tropics	6								0.0002675909	0.0005771421	0.00012822656	0.00042418213	0.00016683173	0.00034103045	0.0002053704	FGA	2041-04-01
2042-01-21	tropics	6								0.0002625293	0.0005670678	0.0001256715	0.00041668452	0.00016354173	0.00033479295	0.0002014139	FGA	2041-04-01
2042-01-22	tropics	6								0.00025756337	0.0005571693	0.0001231638	0.00040931933	0.00016031659	0.0003286695	0.0001975336	FGA	2041-04-01
2042-01-23	tropics	6								0.0002526914	0.0005474434	0.00012070201	0.00040208432	0.00015715507	0.000322658	0.00019372806	FGA	2041-04-01
2042-01-24	tropics	6								0.0002479115	0.0005378872	0.00011828945	0.0003949631	0.00015401149	0.00031675523	0.00018999583	FGA	2041-04-01
2042-01-25	tropics	6								0.00024322205	0.00052849785	0.00011592508	0.00038796413	0.00015092113	0.0003109536	0.00018633546	FGA	2041-04-01
2042-01-26	tropics	6								0.00023862123	0.0005192722	0.00011360799	0.00038108914	0.00014789276	0.0003052582	0.00018272534	FGA	2041-04-01
2042-01-27	tropics	6								0.00023410744	0.00051020744	0.00011133718	0.000374336	0.00014492517	0.00029966707	0.00017917984	FGA	2041-04-01
2042-01-28	tropics	6								0.00022967902	0.00050130096	0.00010911178	0.00036770233	0.00014201713	0.00029417832	0.00017571775	FGA	2041-04-01
2042-01-29	tropics	6								0.00022533433	0.00049254973	0.00010693087	0.00036118625	0.0001391674	0.00028879003	0.00017232666	FGA	2041-04-01
2042-01-30	tropics	6								0.0002210718	0.00048395136	0.00010479354	0.0003547856	0.00013637487	0.0002835005	0.00016900098	FGA	2041-04-01
2042-01-31	tropics	6								0.00021688988	0.00047550292	0.00010269893	0.00034849835	0.00013363836	0.00027830777	0.00016573943	FGA	2041-04-01
2042-02-01	tropics	6								0.00021278707	0.00046720184	0.00010064619	0.0003423224	0.00013095677	0.0002732101	0.00016254085	FGA	2041-04-01
2042-02-02	tropics	6								0.00020878756	0.00045904572	9.863447e-05	0.00033625597	0.00012832897	0.0002682058	0.00015940398	FGA	2041-04-01
2042-02-03	tropics	6								0.00020487062	0.00045103193	9.666297e-05	0.0003302969	0.00012575388	0.00026329316	0.00015632765	FGA	2041-04-01
2042-02-04	tropics	6								0.00020102714	0.00044315786	9.4730865e-05	0.00032444348	0.00012323046	0.00025847048	0.00015331067	FGA	2041-04-01
2042-02-05	tropics	6								0.00019725577	0.00043542124	9.283739e-05	0.00031869375	0.00012075769	0.00025373613	0.0001503519	FGA	2041-04-01
2042-02-06	tropics	6								0.00019355511	0.0004278196	9.098175e-05	0.0003130458	0.000118334494	0.00024908845	0.00014745025	FGA	2041-04-01
2042-02-07	tropics	6								0.00018992389	0.00042035064	8.916322e-05	0.000307498	0.00011598726	0.00024452587	0.00014459838	FGA	2041-04-01
2042-02-08	tropics	6								0.00018636076	0.000413012	8.738102e-05	0.00030204846	0.00011369001	0.00024004685	0.00014177148	FGA	2041-04-01
2042-02-09	tropics	6								0.00018286449	0.0004058014	8.563445e-05	0.0002966954	0.00011140321	0.00023564986	0.00013900266	FGA	2041-04-01
2042-02-10	tropics	6								0.00017943377	0.0003987167	8.3922794e-05	0.00029143723	0.000109152665	0.00023134764	0.00013629232	FGA	2041-04-01
2042-02-11	tropics	6								0.00017606743	0.00039175557	8.224536e-05	0.0002862722	0.000106950414	0.00022713032	0.0001336348	FGA	2041-04-01
2042-02-12	tropics	6								0.00017276421	0.000384916	8.0601436e-05	0.00028119874	0.00010484899	0.0002229899	0.0001310291	FGA	2041-04-01
2042-02-13	tropics	6								0.00016950603	0.00037819575	7.899038e-05	0.00027621517	0.00010279811	0.00021892492	0.0001284742	FGA	2041-04-01
2042-02-14	tropics	6								0.00016629118	0.00037159276	7.7411525e-05	0.0002713198	0.00010078929	0.000214934	0.0001259691	FGA	2041-04-01
2042-02-15	tropics	6								0.00016313729	0.00036510496	7.586422e-05	0.0002664694	9.8822384e-05	0.00021101587	0.00012353764	FGA	2041-04-01
2042-02-16	tropics	6								0.00016004326	0.0003587305	7.434786e-05	0.0002617043	9.688501e-05	0.00020715455	0.00012117897	FGA	2041-04-01
2042-02-17	tropics	6								0.00015700789	0.00035246724	7.2861796e-05	0.00025702437	9.4969335e-05	0.00020336371	0.000118865326	FGA	2041-04-01
2042-02-18	tropics	6								0.00015403013	0.0003463133	7.140544e-05	0.00025242812	9.3091505e-05	0.00019964224	0.00011659584	FGA	2041-04-01
2042-02-19	tropics	6								0.0001511088	0.0003402668	6.997816e-05	0.00024791402	9.125082e-05	0.00019598886	0.000114319395	FGA	2041-04-01
2042-02-20	tropics	6								0.00014824294	0.00033432577	6.857807e-05	0.00024348068	8.944652e-05	0.00019240232	0.000112087415	FGA	2041-04-01
2042-02-21	tropics	6								0.0001454314	0.0003284885	6.720598e-05	0.00023912652	8.76779e-05	0.00018888143	0.00010991547	FGA	2041-04-01
2042-02-22	tropics	6								0.0001426732	0.00032275307	6.5861364e-05	0.00023485022	8.594424e-05	0.00018542496	0.00010778942	FGA	2041-04-01
2042-02-23	tropics	6								0.0001399673	0.00031711775	6.4543645e-05	0.00023065039	8.424487e-05	0.00018203171	0.0001057045	FGA	2041-04-01
2042-02-24	tropics	6								0.00013731277	0.00031158075	6.3252286e-05	0.00022652562	8.257908e-05	0.00017870055	0.0001036599	FGA	2041-04-01
2042-02-25	tropics	6								0.00013470856	0.00030614046	6.198677e-05	0.00022247458	8.0946236e-05	0.00017543032	0.000101654834	FGA	2041-04-01
2042-02-26	tropics	6								0.00013215374	0.00030079507	6.0746574e-05	0.000218496	7.934568e-05	0.00017221995	9.968856e-05	FGA	2041-04-01
2042-02-27	tropics	6								0.00012963286	0.00029554305	5.953119e-05	0.00021458851	7.777676e-05	0.00016906834	9.776031e-05	FGA	2041-04-01
2042-02-28	tropics	6								0.00012715044	0.00029038265	5.834012e-05	0.00021075096	7.6238866e-05	0.00016597439	9.5869356e-05	FGA	2041-04-01
2042-03-01	tropics	6								0.00012471556	0.00028531242	5.717288e-05	0.00020698193	7.473137e-05	0.00016293704	9.401499e-05	FGA	2041-04-01
2042-03-02	tropics	6								0.00012232728	0.0002803306	5.6029003e-05	0.00020328036	7.3253694e-05	0.00015995526	9.219649e-05	FGA	2041-04-01
2042-03-03	tropics	6								0.00011998476	0.0002754357	5.4908007e-05	0.00019964496	7.1805225e-05	0.00015702806	9.0413145e-05	FGA	2041-04-01
2042-03-04	tropics	6								0.000117691496	0.00027062636	5.3809443e-05	0.00019607451	7.038539e-05	0.00015415443	8.86643e-05	FGA	2041-04-01
2042-03-05	tropics	6								0.00011547252	0.0002659009	5.2732652e-05	0.00019256792	6.899363e-05	0.00015133338	8.6949294e-05	FGA	2041-04-01
2042-03-06	tropics	6								0.00011329536	0.00026125793	5.167101e-05	0.00018912404	6.762939e-05	0.00014856394	8.526746e-05	FGA	2041-04-01
2042-03-07	tropics	6								0.00011115926	0.00025669605	5.0630733e-05	0.00018574171	6.629213e-05	0.00014584519	8.361817e-05	FGA	2041-04-01
2042-03-08	tropics	6								0.00010906343	0.00025221374	4.9611404e-05	0.0001824188	6.4981294e-05	0.00014317363	8.2009195e-05	FGA	2041-04-01
2042-03-09	tropics	6								0.000107007116	0.00024780974	4.861259e-05	0.00017914937	6.3696396e-05	0.00014052883	8.043117e-05	FGA	2041-04-01
2042-03-10	tropics	6								0.000104989565	0.0002434826	4.7633886e-05	0.00017593859	6.24227e-05	0.00013793292	7.888353e-05	FGA	2041-04-01
2042-03-11	tropics	6								0.000103010054	0.000239231	4.6674893e-05	0.00017278534	6.116921e-05	0.00013538494	7.736564e-05	FGA	2041-04-01
2042-03-12	tropics	6								0.00010106787	0.00023505362	4.5735196e-05	0.00016968856	5.9940885e-05	0.00013288402	7.5876975e-05	FGA	2041-04-01
2042-03-13	tropics	6								9.9162295e-05	0.00023094915	4.481442e-05	0.0001666473	5.8737238e-05	0.00013042927	7.4406154e-05	FGA	2041-04-01
2042-03-14	tropics	6								9.7292665e-05	0.00022691637	4.3912187e-05	0.00016366049	5.7557743e-05	0.00012801989	7.2959396e-05	FGA	2041-04-01
2042-03-15	tropics	6								9.5458265e-05	0.00022295395	4.3028114e-05	0.00016072721	5.6401943e-05	0.00012565503	7.154077e-05	FGA	2041-04-01
2042-03-16	tropics	6								9.3658455e-05	0.00021906073	4.2161835e-05	0.0001578465	5.528419e-05	0.00012333383	7.014864e-05	FGA	2041-04-01
2042-03-17	tropics	6								9.189258e-05	0.00021523546	4.1313e-05	0.00015501743	5.4189695e-05	0.00012105552	6.87807e-05	FGA	2041-04-01
2042-03-18	tropics	6								9.016e-05	0.000211477	4.048125e-05	0.00015223904	5.3116863e-05	0.00011881928	6.743942e-05	FGA	2041-04-01
2042-03-19	tropics	6								8.8460096e-05	0.00020778413	3.9666254e-05	0.00014951045	5.206528e-05	0.000116624375	6.6124296e-05	FGA	2041-04-01
2042-03-20	tropics	6								8.679223e-05	0.00020415576	3.8867656e-05	0.00014683073	5.1035044e-05	0.000114469985	6.483482e-05	FGA	2041-04-01
2042-03-21	tropics	6								8.51558e-05	0.00020059072	3.8085145e-05	0.00014419772	5.0026247e-05	0.0001123554	6.35705e-05	FGA	2041-04-01
2042-03-22	tropics	6								8.355024e-05	0.00019708792	3.731838e-05	0.00014161096	4.903739e-05	0.00011028597	6.233082e-05	FGA	2041-04-01
2042-03-23	tropics	6								8.1974955e-05	0.00019364625	3.6567057e-05	0.00013907056	4.8068083e-05	0.00010826454	6.111532e-05	FGA	2041-04-01
2042-03-24	tropics	6								8.042936e-05	0.00019026469	3.5830857e-05	0.00013657576	4.711793e-05	0.00010627725	5.9923528e-05	FGA	2041-04-01
2042-03-25	tropics	6								7.8912904e-05	0.00018694217	3.510948e-05	0.00013412572	4.6186553e-05	0.00010432643	5.8754973e-05	FGA	2041-04-01
2042-03-26	tropics	6								7.742505e-05	0.00018367766	3.4402623e-05	0.0001317196	4.5273588e-05	0.0001024114	5.7609206e-05	FGA	2041-04-01
2042-03-27	tropics	6								7.596525e-05	0.00018047016	3.3709995e-05	0.00012934262	4.4378678e-05	0.00010053155	5.6493453e-05	FGA	2041-04-01
2042-03-28	tropics	6								7.453296e-05	0.00017731867	3.3031316e-05	0.00012698745	4.3501444e-05	9.8686185e-05	5.5402717e-05	FGA	2041-04-01
2042-03-29	tropics	6								7.312768e-05	0.00017422215	3.2366297e-05	0.00012467516	4.2641557e-05	9.687469e-05	5.433152e-05	FGA	2041-04-01
2042-03-30	tropics	6								7.17489e-05	0.00017117972	3.171302e-05	0.00012240496	4.1798667e-05	9.5096446e-05	5.3269843e-05	FGA	2041-04-01
2042-03-31	tropics	6								7.039611e-05	0.0001681904	3.106862e-05	0.000120176104	4.097243e-05	9.3350835e-05	5.2228905e-05	FGA	2041-04-01
2042-04-01	tropics	6								6.906884e-05	0.0001652533	3.0437315e-05	0.000117987795	4.0162526e-05	9.163728e-05	5.1208317e-05	FGA	2041-04-01
2041-04-01	tropics	13								0.92994034	0.9482209	0.9064278	0.9430409	0.91534513	0.9367422	0.9228337	FGA	2041-04-01
2041-04-02	tropics	13								0.9311849	0.94921404	0.9078913	0.9440754	0.91671085	0.9378559	0.9241625	FGA	2041-04-01
2041-04-03	tropics	13								0.93240863	0.95016587	0.90933454	0.9450783	0.9180479	0.938951	0.92545027	FGA	2041-04-01
2041-04-04	tropics	13								0.9336122	0.95110065	0.9107572	0.9460645	0.9193657	0.9400279	0.92670935	FGA	2041-04-01
2041-04-05	tropics	13								0.9348284	0.9520205	0.9121595	0.94705045	0.9206646	0.9410987	0.9279561	FGA	2041-04-01
2041-04-06	tropics	13								0.9360374	0.95292443	0.913542	0.948041	0.92194664	0.94215906	0.9291835	FGA	2041-04-01
2041-04-07	tropics	13								0.93722546	0.95381206	0.91490483	0.9489898	0.9232505	0.9432069	0.93039143	FGA	2041-04-01
2041-04-08	tropics	13								0.9383489	0.95468384	0.91624814	0.94993365	0.92453915	0.944233	0.93158025	FGA	2041-04-01
2041-04-09	tropics	13								0.93939495	0.9555399	0.91757214	0.95085466	0.92580795	0.94524175	0.93275017	FGA	2041-04-01
2041-04-10	tropics	13								0.94042206	0.9563805	0.91887695	0.9517546	0.927057	0.94623303	0.9339015	FGA	2041-04-01
2041-04-11	tropics	13								0.9414327	0.9572059	0.9201629	0.9526364	0.9282868	0.9472071	0.93503964	FGA	2041-04-01
2041-04-12	tropics	13								0.94242716	0.95801646	0.9214303	0.9535073	0.9294973	0.9481644	0.93615276	FGA	2041-04-01
2041-04-13	tropics	13								0.94344115	0.9588122	0.92267925	0.9543642	0.9306889	0.94909716	0.93721026	FGA	2041-04-01
2041-04-14	tropics	13								0.94445014	0.9595935	0.92390996	0.955206	0.93185735	0.95001376	0.9382896	FGA	2041-04-01
2041-04-15	tropics	13								0.945442	0.9603606	0.9251227	0.9560421	0.93298304	0.9509146	0.93932533	FGA	2041-04-01
2041-04-16	tropics	13								0.9464171	0.9611137	0.92631763	0.95686907	0.93409127	0.9518254	0.9403447	FGA	2041-04-01
2041-04-17	tropics	13								0.94737566	0.9618531	0.9274949	0.95768464	0.9351879	0.9527249	0.9413664	FGA	2041-04-01
2041-04-18	tropics	13								0.94831795	0.96257895	0.92865485	0.9584992	0.93627506	0.9535971	0.9423749	FGA	2041-04-01
2041-04-19	tropics	13								0.9492399	0.96329147	0.9297977	0.9592988	0.93740773	0.9544529	0.94336975	FGA	2041-04-01
2041-04-20	tropics	13								0.95013857	0.9639909	0.9309235	0.9600809	0.93852156	0.95529354	0.9443377	FGA	2041-04-01
2041-04-21	tropics	13								0.9510295	0.96467763	0.9320327	0.9608372	0.93956834	0.95614725	0.9452906	FGA	2041-04-01
2041-04-22	tropics	13								0.9518832	0.96535164	0.9331252	0.9615701	0.9405797	0.9569818	0.9462288	FGA	2041-04-01
2041-04-23	tropics	13								0.95272946	0.9660132	0.93420154	0.96226275	0.941575	0.95778596	0.9471517	FGA	2041-04-01
2041-04-24	tropics	13								0.9535736	0.9666626	0.9352616	0.9629689	0.94255614	0.95856756	0.94805974	FGA	2041-04-01
2041-04-25	tropics	13								0.9544034	0.96729994	0.9363059	0.9636703	0.9435237	0.95935583	0.9489515	FGA	2041-04-01
2041-04-26	tropics	13								0.9552306	0.9679256	0.93733436	0.9643589	0.9444757	0.9601313	0.9498404	FGA	2041-04-01
2041-04-27	tropics	13								0.95604897	0.9685396	0.9383472	0.9650351	0.94541264	0.96088207	0.9507048	FGA	2041-04-01
2041-04-28	tropics	13								0.95684475	0.9691422	0.93934494	0.9656988	0.94633436	0.96158	0.95153844	FGA	2041-04-01
2041-04-29	tropics	13								0.9576182	0.9697337	0.94032747	0.96635026	0.9472413	0.96226233	0.95237494	FGA	2041-04-01
2041-04-30	tropics	13								0.95838034	0.9703141	0.9412951	0.96698964	0.9481337	0.96296066	0.95320326	FGA	2041-04-01
2041-05-01	tropics	13								0.9591372	0.9708838	0.942248	0.9676165	0.9490268	0.9636748	0.9540099	FGA	2041-04-01
2041-05-02	tropics	13								0.9598808	0.9714421	0.94318634	0.96823	0.9499122	0.96437573	0.95479625	FGA	2041-04-01
2041-05-03	tropics	13								0.9606122	0.9719869	0.94411033	0.9688153	0.95078295	0.9650601	0.9555845	FGA	2041-04-01
2041-05-04	tropics	13								0.96133006	0.97252154	0.9450202	0.9693779	0.95163935	0.9657294	0.95638514	FGA	2041-04-01
2041-05-05	tropics	13								0.96202147	0.9730463	0.945916	0.96993065	0.95248157	0.9663862	0.9571558	FGA	2041-04-01
2041-05-06	tropics	13								0.9627087	0.9735612	0.94679815	0.9705072	0.9533099	0.9670309	0.95790994	FGA	2041-04-01
2041-05-07	tropics	13								0.96337634	0.9740666	0.9476666	0.97106135	0.9541243	0.96766365	0.95865136	FGA	2041-04-01
2041-05-08	tropics	13								0.9640327	0.97456247	0.94852173	0.97159827	0.9549187	0.9682823	0.9593733	FGA	2041-04-01
2041-05-09	tropics	13								0.964692	0.9750608	0.9493636	0.9721252	0.95565426	0.9688793	0.9600767	FGA	2041-04-01
2041-05-10	tropics	13								0.9653186	0.97555584	0.95019233	0.97264045	0.95637834	0.96946543	0.9607794	FGA	2041-04-01
2041-05-11	tropics	13								0.96593475	0.97604126	0.95100826	0.9731687	0.957091	0.9700402	0.96147704	FGA	2041-04-01
2041-05-12	tropics	13								0.9665495	0.9765171	0.95181155	0.9736911	0.9577924	0.9705982	0.962158	FGA	2041-04-01
2041-05-13	tropics	13								0.9671533	0.97698385	0.9526023	0.97420645	0.95848274	0.97114605	0.96282744	FGA	2041-04-01
2041-05-14	tropics	13								0.9677484	0.97744143	0.9533807	0.97471195	0.95917237	0.97168684	0.96348536	FGA	2041-04-01
2041-05-15	tropics	13								0.96833307	0.97789013	0.9541469	0.97520787	0.9598646	0.9722271	0.9641321	FGA	2041-04-01
2041-05-16	tropics	13								0.9689177	0.97833	0.9549011	0.9756942	0.96054006	0.97275746	0.9647677	FGA	2041-04-01
2041-05-17	tropics	13								0.9694947	0.97876143	0.9556434	0.97617126	0.96118915	0.97327363	0.96539253	FGA	2041-04-01
2041-05-18	tropics	13								0.9700562	0.97918427	0.95637983	0.97663915	0.96185523	0.97377384	0.96600664	FGA	2041-04-01
2041-05-19	tropics	13								0.9706107	0.97959894	0.957107	0.97709805	0.9625121	0.97425807	0.9666102	FGA	2041-04-01
2041-05-20	tropics	13								0.9711541	0.98000556	0.95781755	0.9775481	0.9631606	0.9747335	0.9672052	FGA	2041-04-01
2041-05-21	tropics	13								0.97168446	0.9804041	0.9585106	0.9779879	0.9637981	0.97519594	0.9677914	FGA	2041-04-01
2041-05-22	tropics	13								0.9721967	0.9807948	0.95919245	0.978412	0.9644188	0.97564983	0.96836734	FGA	2041-04-01
2041-05-23	tropics	13								0.972698	0.9811779	0.9598634	0.978828	0.9650289	0.97610945	0.9689334	FGA	2041-04-01
2041-05-24	tropics	13								0.9731904	0.98155344	0.96052355	0.97923625	0.9656288	0.9765613	0.96948963	FGA	2041-04-01
2041-05-25	tropics	13								0.9736743	0.9819216	0.9611732	0.97963685	0.96622473	0.9770006	0.9700361	FGA	2041-04-01
2041-05-26	tropics	13								0.9741495	0.9822826	0.9618122	0.9800289	0.9668099	0.9774318	0.9705644	FGA	2041-04-01
2041-05-27	tropics	13								0.97462547	0.9826365	0.962441	0.9804131	0.9673723	0.9778575	0.9710744	FGA	2041-04-01
2041-05-28	tropics	13								0.97509575	0.98298335	0.9630596	0.9807892	0.96792805	0.9782698	0.97158045	FGA	2041-04-01
2041-05-29	tropics	13								0.9755577	0.9833233	0.9636674	0.98116297	0.9684848	0.97867286	0.9720819	FGA	2041-04-01
2041-05-30	tropics	13								0.9760101	0.98365664	0.9642647	0.98152107	0.96903235	0.97906315	0.9725749	FGA	2041-04-01
2041-05-31	tropics	13								0.9764489	0.98398346	0.9648522	0.98187625	0.9695708	0.9794542	0.9730594	FGA	2041-04-01
2041-06-01	tropics	13								0.97688	0.9843038	0.9654302	0.9822185	0.9700999	0.9798403	0.97353554	FGA	2041-04-01
2041-06-02	tropics	13								0.9773048	0.9846178	0.9660016	0.9825525	0.9706206	0.98022264	0.97400594	FGA	2041-04-01
2041-06-03	tropics	13								0.97772896	0.98492557	0.96657354	0.98288023	0.9711334	0.98059785	0.9744728	FGA	2041-04-01
2041-06-04	tropics	13								0.9781417	0.9852272	0.96713614	0.9832019	0.9716375	0.98096603	0.9749315	FGA	2041-04-01
2041-06-05	tropics	13								0.97854066	0.985523	0.96768963	0.9835175	0.97213316	0.98132753	0.9753821	FGA	2041-04-01
2041-06-06	tropics	13								0.9789269	0.9858129	0.96823	0.98382735	0.9726203	0.98168516	0.97582495	FGA	2041-04-01
2041-06-07	tropics	13								0.979305	0.986097	0.96875143	0.9841314	0.9730991	0.9820338	0.9762598	FGA	2041-04-01
2041-06-08	tropics	13								0.9796731	0.9863756	0.9692644	0.9844298	0.97356987	0.9823779	0.9766829	FGA	2041-04-01
2041-06-09	tropics	13								0.98003614	0.9866485	0.96976906	0.9847227	0.9740269	0.9827155	0.9770991	FGA	2041-04-01
2041-06-10	tropics	13								0.98039424	0.98691607	0.9702657	0.98500925	0.9744833	0.98304677	0.97750604	FGA	2041-04-01
2041-06-11	tropics	13								0.9807427	0.9871783	0.97075427	0.9852904	0.9749302	0.9833719	0.97790575	FGA	2041-04-01
2041-06-12	tropics	13								0.98108494	0.9874354	0.97123384	0.9855662	0.97535896	0.9836899	0.97829866	FGA	2041-04-01
2041-06-13	tropics	13								0.98142433	0.98768735	0.9717056	0.9858428	0.97574	0.98399955	0.97868466	FGA	2041-04-01
2041-06-14	tropics	13								0.98176336	0.9879348	0.97217	0.98611474	0.9761514	0.9843035	0.97906446	FGA	2041-04-01
2041-06-15	tropics	13								0.98209625	0.98817724	0.9726266	0.98638135	0.9765695	0.98460174	0.97944075	FGA	2041-04-01
2041-06-16	tropics	13								0.9824215	0.988415	0.97307605	0.986643	0.9769808	0.98489434	0.9798104	FGA	2041-04-01
2041-06-17	tropics	13								0.9827379	0.988648	0.9735263	0.98689955	0.977385	0.98518145	0.9801736	FGA	2041-04-01
2041-06-18	tropics	13								0.98304856	0.9888762	0.97397053	0.9871547	0.9777823	0.9854632	0.9805303	FGA	2041-04-01
2041-06-19	tropics	13								0.9833548	0.98910004	0.9744076	0.9874073	0.97817266	0.9857397	0.98087794	FGA	2041-04-01
2041-06-20	tropics	13								0.9836594	0.98931926	0.9748374	0.9876473	0.9785563	0.98601055	0.9812099	FGA	2041-04-01
2041-06-21	tropics	13								0.9839585	0.98953426	0.9752602	0.98788005	0.97893316	0.9862743	0.98153627	FGA	2041-04-01
2041-06-22	tropics	13								0.9842523	0.9897449	0.9756761	0.9881141	0.97930366	0.9865331	0.981866	FGA	2041-04-01
2041-06-23	tropics	13								0.9845407	0.98995125	0.97608525	0.98834383	0.9796677	0.9867871	0.9821908	FGA	2041-04-01
2041-06-24	tropics	13								0.98482394	0.99015355	0.9764876	0.98856914	0.98002356	0.9870362	0.98250747	FGA	2041-04-01
2041-06-25	tropics	13								0.985102	0.9903518	0.97688335	0.9887899	0.9803676	0.98728377	0.9828137	FGA	2041-04-01
2041-06-26	tropics	13								0.9853751	0.99054605	0.9772725	0.98900664	0.9807058	0.9875279	0.98311764	FGA	2041-04-01
2041-06-27	tropics	13								0.98564065	0.9907364	0.9776553	0.98921907	0.981038	0.98776555	0.9834162	FGA	2041-04-01
2041-06-28	tropics	13								0.9858978	0.990923	0.9780319	0.9894273	0.9813646	0.9879986	0.98370963	FGA	2041-04-01
2041-06-29	tropics	13								0.98615766	0.9911058	0.97840214	0.9896317	0.98168546	0.9882233	0.9839979	FGA	2041-04-01
2041-06-30	tropics	13								0.9864094	0.99128497	0.9787663	0.98983204	0.98200536	0.9884432	0.9842812	FGA	2041-04-01
2041-07-01	tropics	13								0.9866548	0.99146056	0.9791245	0.9900285	0.9823259	0.988663	0.98455954	FGA	2041-04-01
2041-07-02	tropics	13								0.9868957	0.99163264	0.97947675	0.99022126	0.982653	0.98887926	0.98483294	FGA	2041-04-01
2041-07-03	tropics	13								0.9871323	0.99180126	0.97982323	0.99041015	0.9829741	0.98909366	0.9851017	FGA	2041-04-01
2041-07-04	tropics	13								0.9873647	0.9919664	0.98016393	0.9905954	0.98326755	0.98929787	0.98536825	FGA	2041-04-01
2041-07-05	tropics	13								0.9875959	0.9921284	0.980499	0.99077713	0.98355275	0.9894969	0.98563033	FGA	2041-04-01
2041-07-06	tropics	13								0.9878253	0.992287	0.9808285	0.9909554	0.9838332	0.9896928	0.9858843	FGA	2041-04-01
2041-07-07	tropics	13								0.9880504	0.99244064	0.98115253	0.9911298	0.98410887	0.9898891	0.98613596	FGA	2041-04-01
2041-07-08	tropics	13								0.9882715	0.99259067	0.98147124	0.9913008	0.9843798	0.9900803	0.9863869	FGA	2041-04-01
2041-07-09	tropics	13								0.9884871	0.99273777	0.9817847	0.9914688	0.98465043	0.99026793	0.9866303	FGA	2041-04-01
2041-07-10	tropics	13								0.9886965	0.99288195	0.9820929	0.9916366	0.9849188	0.99045205	0.98686624	FGA	2041-04-01
2041-07-11	tropics	13								0.9889058	0.9930233	0.9823959	0.99180084	0.98518234	0.9906327	0.9870972	FGA	2041-04-01
2041-07-12	tropics	13								0.9891112	0.99316186	0.982694	0.9919621	0.98544145	0.9908099	0.9873265	FGA	2041-04-01
2041-07-13	tropics	13								0.98931473	0.9932976	0.982987	0.9921202	0.98569596	0.99098384	0.9875537	FGA	2041-04-01
2041-07-14	tropics	13								0.98951185	0.99343073	0.9832752	0.99227506	0.9859462	0.9911543	0.98777425	FGA	2041-04-01
2041-07-15	tropics	13								0.98970443	0.99356115	0.98355854	0.9924271	0.98619205	0.99131954	0.9879859	FGA	2041-04-01
2041-07-16	tropics	13								0.98989344	0.9936891	0.9838372	0.992576	0.9864336	0.99148625	0.98819685	FGA	2041-04-01
2041-07-17	tropics	13								0.9900789	0.9938144	0.98411113	0.99272215	0.986671	0.9916507	0.98840654	FGA	2041-04-01
2041-07-18	tropics	13								0.99026287	0.99393725	0.9843806	0.9928654	0.98690474	0.9918107	0.9886148	FGA	2041-04-01
2041-07-19	tropics	13								0.9904447	0.9940577	0.9846456	0.99300575	0.98713493	0.9919676	0.98881847	FGA	2041-04-01
2041-07-20	tropics	13								0.99062496	0.99417573	0.984906	0.99314344	0.9873611	0.99212146	0.9890155	FGA	2041-04-01
2041-07-21	tropics	13								0.990799	0.9942914	0.98516214	0.99327844	0.98758334	0.99227244	0.9892092	FGA	2041-04-01
2041-07-22	tropics	13								0.99096763	0.99440485	0.98541397	0.9934107	0.98780185	0.99242055	0.9893994	FGA	2041-04-01
2041-07-23	tropics	13								0.9911332	0.9945159	0.9856616	0.99354047	0.9880164	0.9925654	0.9895867	FGA	2041-04-01
2041-07-24	tropics	13								0.9912958	0.99462575	0.9859052	0.9936678	0.98822725	0.9927068	0.9897719	FGA	2041-04-01
2041-07-25	tropics	13								0.99145526	0.994734	0.98614466	0.9937925	0.98843443	0.99284613	0.98995745	FGA	2041-04-01
2041-07-26	tropics	13								0.99161196	0.99484	0.98638	0.99391466	0.988638	0.9929846	0.9901396	FGA	2041-04-01
2041-07-27	tropics	13								0.9917658	0.9949439	0.9866114	0.9940341	0.98883796	0.9931203	0.9903184	FGA	2041-04-01
2041-07-28	tropics	13								0.9919169	0.9950458	0.98683906	0.9941513	0.9890344	0.9932505	0.9904941	FGA	2041-04-01
2041-07-29	tropics	13								0.9920652	0.9951456	0.9870628	0.99426615	0.98922753	0.99337906	0.9906665	FGA	2041-04-01
2041-07-30	tropics	13								0.99221516	0.9952433	0.9872828	0.9943787	0.9894173	0.99350476	0.9908359	FGA	2041-04-01
2041-07-31	tropics	13								0.9923622	0.99533916	0.98749906	0.99448913	0.98960364	0.9936281	0.99100256	FGA	2041-04-01
2041-08-01	tropics	13								0.99250656	0.9954332	0.9877118	0.9945974	0.98978674	0.99374914	0.9911666	FGA	2041-04-01
2041-08-02	tropics	13								0.9926481	0.99552554	0.9879208	0.99470323	0.98996663	0.99386877	0.9913278	FGA	2041-04-01
2041-08-03	tropics	13								0.9927871	0.99561596	0.9881264	0.9948035	0.9901434	0.99398637	0.99148613	FGA	2041-04-01
2041-08-04	tropics	13								0.9929234	0.99570465	0.98832846	0.99490184	0.9903171	0.99410045	0.99164164	FGA	2041-04-01
2041-08-05	tropics	13								0.993057	0.99579144	0.9885273	0.99499834	0.9904878	0.99421173	0.9917942	FGA	2041-04-01
2041-08-06	tropics	13								0.9931866	0.9958766	0.9887226	0.99509776	0.9906554	0.99432087	0.9919444	FGA	2041-04-01
2041-08-07	tropics	13								0.9933138	0.9959599	0.9889147	0.9951955	0.9908201	0.9944254	0.9920924	FGA	2041-04-01
2041-08-08	tropics	13								0.9934386	0.99604154	0.98910356	0.9952914	0.990982	0.99452823	0.9922377	FGA	2041-04-01
2041-08-09	tropics	13								0.9935611	0.99612164	0.98928916	0.99538535	0.9911409	0.9946317	0.9923805	FGA	2041-04-01
2041-08-10	tropics	13								0.9936801	0.9962	0.98947173	0.99547726	0.9912972	0.9947332	0.9925208	FGA	2041-04-01
2041-08-11	tropics	13								0.99379647	0.99627686	0.98965114	0.9955676	0.99145156	0.9948329	0.99265856	FGA	2041-04-01
2041-08-12	tropics	13								0.99391073	0.99635214	0.98982763	0.9956559	0.9916006	0.9949305	0.99278975	FGA	2041-04-01
2041-08-13	tropics	13								0.99402297	0.9964259	0.99000096	0.99574244	0.9917477	0.99502635	0.99292064	FGA	2041-04-01
2041-08-14	tropics	13								0.9941331	0.99649817	0.99017155	0.995827	0.9918923	0.99512035	0.99305046	FGA	2041-04-01
2041-08-15	tropics	13								0.9942411	0.996569	0.99033916	0.99590814	0.9920343	0.9952127	0.9931781	FGA	2041-04-01
2041-08-16	tropics	13								0.99434733	0.9966383	0.9905039	0.9959876	0.99217385	0.9953042	0.99329877	FGA	2041-04-01
2041-08-17	tropics	13								0.99445146	0.9967063	0.9906659	0.99606556	0.9923112	0.99539477	0.99341863	FGA	2041-04-01
2041-08-18	tropics	13								0.9945537	0.99677294	0.99082524	0.99614197	0.9924351	0.99548435	0.9935388	FGA	2041-04-01
2041-08-19	tropics	13								0.99465406	0.99683815	0.9909818	0.9962168	0.9925566	0.9955735	0.9936569	FGA	2041-04-01
2041-08-20	tropics	13								0.99475265	0.99690217	0.99112767	0.99629027	0.9926809	0.995661	0.99377286	FGA	2041-04-01
2041-08-21	tropics	13								0.9948493	0.99696475	0.9912666	0.99636227	0.99281013	0.99574655	0.9938867	FGA	2041-04-01
2041-08-22	tropics	13								0.9949443	0.99702615	0.9914033	0.9964327	0.99293715	0.9958301	0.9939984	FGA	2041-04-01
2041-08-23	tropics	13								0.99503756	0.99708617	0.9915377	0.9965017	0.99306184	0.99591064	0.9941083	FGA	2041-04-01
2041-08-24	tropics	13								0.995129	0.9971452	0.9916699	0.9965692	0.99318445	0.99598956	0.99421644	FGA	2041-04-01
2041-08-25	tropics	13								0.9952189	0.9972029	0.99179983	0.99663556	0.9933051	0.996066	0.99432254	FGA	2041-04-01
2041-08-26	tropics	13								0.9953073	0.99725944	0.9919266	0.9967006	0.9934238	0.9961407	0.9944265	FGA	2041-04-01
2041-08-27	tropics	13								0.9953948	0.9973148	0.99205124	0.99676436	0.9935404	0.99621415	0.9945269	FGA	2041-04-01
2041-08-28	tropics	13								0.9954807	0.9973691	0.9921739	0.99682695	0.9936551	0.99628615	0.9946255	FGA	2041-04-01
2041-08-29	tropics	13								0.99556506	0.99742234	0.99230665	0.9968882	0.9937681	0.99635607	0.9947217	FGA	2041-04-01
2041-08-30	tropics	13								0.9956478	0.9974744	0.9924381	0.9969483	0.9938794	0.99642515	0.994815	FGA	2041-04-01
2041-08-31	tropics	13								0.99572897	0.9975255	0.9925605	0.9970055	0.9939886	0.9964942	0.9949067	FGA	2041-04-01
2041-09-01	tropics	13								0.9958086	0.99757546	0.99268085	0.9970612	0.99409586	0.99656177	0.9949968	FGA	2041-04-01
2041-09-02	tropics	13								0.9958869	0.99762446	0.9927992	0.99711585	0.99420136	0.9966282	0.9950861	FGA	2041-04-01
2041-09-03	tropics	13								0.9959635	0.9976725	0.9929157	0.99716944	0.9943048	0.9966931	0.99517417	FGA	2041-04-01
2041-09-04	tropics	13								0.9960383	0.9977195	0.9930298	0.99722195	0.99440646	0.9967567	0.9952607	FGA	2041-04-01
2041-09-05	tropics	13								0.99611163	0.99776566	0.9931415	0.99727356	0.99450636	0.99681735	0.99534583	FGA	2041-04-01
2041-09-06	tropics	13								0.9961837	0.9978108	0.99325144	0.99732417	0.9946036	0.99687624	0.9954304	FGA	2041-04-01
2041-09-07	tropics	13								0.99625397	0.99785507	0.9933595	0.99737364	0.9946951	0.99693394	0.9955139	FGA	2041-04-01
2041-09-08	tropics	13								0.9963229	0.9978984	0.9934658	0.9974224	0.994785	0.99699056	0.99559593	FGA	2041-04-01
2041-09-09	tropics	13								0.9963904	0.99794084	0.9935702	0.9974701	0.99487334	0.99704605	0.9956765	FGA	2041-04-01
2041-09-10	tropics	13								0.9964566	0.9979825	0.99367374	0.9975169	0.99496025	0.99710083	0.9957534	FGA	2041-04-01
2041-09-11	tropics	13								0.99652123	0.9980233	0.99378216	0.99756306	0.99504566	0.99715686	0.99582887	FGA	2041-04-01
2041-09-12	tropics	13								0.99658525	0.99806315	0.9938888	0.99761134	0.9951295	0.9972117	0.9959031	FGA	2041-04-01
2041-09-13	tropics	13								0.9966486	0.99810237	0.9939936	0.9976587	0.9952121	0.9972656	0.9959744	FGA	2041-04-01
2041-09-14	tropics	13								0.9967108	0.99814075	0.9940965	0.9977051	0.9952931	0.9973183	0.9960422	FGA	2041-04-01
2041-09-15	tropics	13								0.9967718	0.99817824	0.9941978	0.9977487	0.9953728	0.99737024	0.99610966	FGA	2041-04-01
2041-09-16	tropics	13								0.9968318	0.9982151	0.99429727	0.9977912	0.9954511	0.99742126	0.9961778	FGA	2041-04-01
2041-09-17	tropics	13								0.99689054	0.99825084	0.9943951	0.99783283	0.9955281	0.99747133	0.9962459	FGA	2041-04-01
2041-09-18	tropics	13								0.9969473	0.9982855	0.9944912	0.9978737	0.99560374	0.9975204	0.9963129	FGA	2041-04-01
2041-09-19	tropics	13								0.9970031	0.9983195	0.99458575	0.9979138	0.99567807	0.9975685	0.99637866	FGA	2041-04-01
2041-09-20	tropics	13								0.9970577	0.99835294	0.99467856	0.9979532	0.9957511	0.9976154	0.9964433	FGA	2041-04-01
2041-09-21	tropics	13								0.99711144	0.9983856	0.9947698	0.99799174	0.99582297	0.9976608	0.99650675	FGA	2041-04-01
2041-09-22	tropics	13								0.99716413	0.9984178	0.9948596	0.99802953	0.9958936	0.99770534	0.9965694	FGA	2041-04-01
2041-09-23	tropics	13								0.9972159	0.99844897	0.99494773	0.99806654	0.995963	0.99774987	0.9966311	FGA	2041-04-01
2041-09-24	tropics	13								0.99726725	0.99847937	0.9950344	0.9981031	0.9960312	0.9977932	0.99669164	FGA	2041-04-01
2041-09-25	tropics	13								0.9973177	0.99850917	0.9951196	0.9981387	0.9960982	0.9978355	0.9967511	FGA	2041-04-01
2041-09-26	tropics	13								0.997367	0.9985385	0.99520326	0.99817383	0.9961641	0.99787664	0.9968095	FGA	2041-04-01
2041-09-27	tropics	13								0.9974153	0.9985673	0.99528563	0.9982088	0.9962288	0.9979164	0.9968667	FGA	2041-04-01
2041-09-28	tropics	13								0.9974625	0.998596	0.99536645	0.9982439	0.99629253	0.99795544	0.996922	FGA	2041-04-01
2041-09-29	tropics	13								0.9975088	0.9986242	0.995446	0.9982783	0.99635506	0.9979937	0.9969777	FGA	2041-04-01
2041-09-30	tropics	13								0.9975543	0.9986519	0.99552256	0.9983121	0.99641657	0.9980312	0.99703294	FGA	2041-04-01
2041-10-01	tropics	13								0.99759936	0.99867904	0.9955973	0.998345	0.99647695	0.998068	0.9970861	FGA	2041-04-01
2041-10-02	tropics	13								0.9976439	0.99870557	0.99567074	0.9983775	0.9965378	0.9981044	0.9971385	FGA	2041-04-01
2041-10-03	tropics	13								0.9976878	0.99873155	0.99574304	0.9984092	0.9965983	0.99814034	0.99718934	FGA	2041-04-01
2041-10-04	tropics	13								0.9977313	0.9987571	0.995814	0.99844027	0.9966577	0.9981757	0.99723965	FGA	2041-04-01
2041-10-05	tropics	13								0.997774	0.9987821	0.9958839	0.9984708	0.99671614	0.9982102	0.99728787	FGA	2041-04-01
2041-10-06	tropics	13								0.99781513	0.99880654	0.9959525	0.9985007	0.9967737	0.99824405	0.997335	FGA	2041-04-01
2041-10-07	tropics	13								0.9978554	0.9988305	0.99602	0.99853	0.9968301	0.9982773	0.99738324	FGA	2041-04-01
2041-10-08	tropics	13								0.9978951	0.998854	0.99608636	0.9985587	0.99688554	0.99830997	0.99742955	FGA	2041-04-01
2041-10-09	tropics	13								0.99793446	0.998877	0.9961516	0.998587	0.9969401	0.9983419	0.99747586	FGA	2041-04-01
2041-10-10	tropics	13								0.9979727	0.9988996	0.9962157	0.9986146	0.9969935	0.99837327	0.9975212	FGA	2041-04-01
2041-10-11	tropics	13								0.9980099	0.9989217	0.9962789	0.9986417	0.9970461	0.9984037	0.9975658	FGA	2041-04-01
2041-10-12	tropics	13								0.9980451	0.9989433	0.9963409	0.99866825	0.9970978	0.99843377	0.99760795	FGA	2041-04-01
2041-10-13	tropics	13								0.9980797	0.99896455	0.9964016	0.9986943	0.9971485	0.9984634	0.9976462	FGA	2041-04-01
2041-10-14	tropics	13								0.9981145	0.99898535	0.9964614	0.9987199	0.99719834	0.99849284	0.99768734	FGA	2041-04-01
2041-10-15	tropics	13								0.9981493	0.99900573	0.99652016	0.9987449	0.99724734	0.9985216	0.997728	FGA	2041-04-01
2041-10-16	tropics	13								0.99818325	0.99902564	0.9965796	0.9987694	0.9972956	0.99855006	0.99776816	FGA	2041-04-01
2041-10-17	tropics	13								0.9982164	0.9990453	0.9966383	0.9987935	0.9973432	0.9985777	0.99780786	FGA	2041-04-01
2041-10-18	tropics	13								0.99824786	0.99906445	0.9966958	0.9988171	0.9973899	0.998605	0.9978475	FGA	2041-04-01
2041-10-19	tropics	13								0.9982792	0.9990832	0.9967524	0.9988403	0.99743587	0.99863166	0.9978864	FGA	2041-04-01
2041-10-20	tropics	13								0.99831045	0.99910164	0.99680805	0.99886286	0.9974809	0.99865794	0.99792457	FGA	2041-04-01
2041-10-21	tropics	13								0.9983419	0.99911964	0.9968627	0.99888515	0.9975252	0.99868363	0.9979621	FGA	2041-04-01
2041-10-22	tropics	13								0.99837273	0.9991373	0.9969165	0.99890697	0.99756867	0.99870825	0.99799895	FGA	2041-04-01
2041-10-23	tropics	13								0.99840254	0.9991546	0.99696934	0.99892837	0.99761146	0.9987329	0.9980351	FGA	2041-04-01
2041-10-24	tropics	13								0.99843186	0.9991715	0.9970212	0.9989493	0.99765074	0.9987574	0.9980707	FGA	2041-04-01
2041-10-25	tropics	13								0.99846053	0.99918824	0.9970722	0.99896985	0.99768907	0.99878144	0.9981057	FGA	2041-04-01
2041-10-26	tropics	13								0.9984888	0.99920446	0.9971224	0.99898994	0.9977266	0.9988051	0.99814	FGA	2041-04-01
2041-10-27	tropics	13								0.99851656	0.9992205	0.99717164	0.99900985	0.9977636	0.9988281	0.99817324	FGA	2041-04-01
2041-10-28	tropics	13								0.9985439	0.9992361	0.9972201	0.9990291	0.9977999	0.9988507	0.99820584	FGA	2041-04-01
2041-10-29	tropics	13								0.99857116	0.9992514	0.9972661	0.9990481	0.9978357	0.998873	0.9982378	FGA	2041-04-01
2041-10-30	tropics	13								0.99859774	0.9992664	0.9973108	0.99906677	0.9978707	0.9988947	0.9982694	FGA	2041-04-01
2041-10-31	tropics	13								0.9986239	0.9992811	0.99735475	0.999085	0.99790704	0.99891603	0.9983002	FGA	2041-04-01
2041-11-01	tropics	13								0.9986495	0.99929553	0.9973978	0.99910283	0.99794364	0.998937	0.9983306	FGA	2041-04-01
2041-11-02	tropics	13								0.99867475	0.99930966	0.99744016	0.9991204	0.9979796	0.9989574	0.9983604	FGA	2041-04-01
2041-11-03	tropics	13								0.9986994	0.9993236	0.9974817	0.99913764	0.99801487	0.9989773	0.99838966	FGA	2041-04-01
2041-11-04	tropics	13								0.9987236	0.9993371	0.99752265	0.9991545	0.9980495	0.99899673	0.9984184	FGA	2041-04-01
2041-11-05	tropics	13								0.99874747	0.9993504	0.99756294	0.99917114	0.99808365	0.9990155	0.9984464	FGA	2041-04-01
2041-11-06	tropics	13								0.99877083	0.9993634	0.9976024	0.99918723	0.9981173	0.9990339	0.99847364	FGA	2041-04-01
2041-11-07	tropics	13								0.9987937	0.99937624	0.9976413	0.9992032	0.9981505	0.99905205	0.9985004	FGA	2041-04-01
2041-11-08	tropics	13								0.99881583	0.99938864	0.9976795	0.99921876	0.99818313	0.9990698	0.99852663	FGA	2041-04-01
2041-11-09	tropics	13								0.9988374	0.9994009	0.9977186	0.9992339	0.99821466	0.9990883	0.9985516	FGA	2041-04-01
2041-11-10	tropics	13								0.9988586	0.999413	0.9977572	0.999249	0.99824274	0.9991063	0.99857605	FGA	2041-04-01
2041-11-11	tropics	13								0.9988793	0.9994247	0.9977946	0.99926364	0.9982703	0.99912405	0.9985999	FGA	2041-04-01
2041-11-12	tropics	13								0.9988996	0.99943626	0.9978312	0.99927807	0.9982972	0.99914145	0.99862343	FGA	2041-04-01
2041-11-13	tropics	13								0.99891955	0.99944764	0.99786735	0.9992922	0.99832386	0.9991584	0.99864745	FGA	2041-04-01
2041-11-14	tropics	13								0.99893916	0.9994586	0.99790275	0.999306	0.9983516	0.99917465	0.99867094	FGA	2041-04-01
2041-11-15	tropics	13								0.9989585	0.9994694	0.9979376	0.99931955	0.99838	0.99919057	0.99869406	FGA	2041-04-01
2041-11-16	tropics	13								0.99897736	0.9994801	0.9979719	0.99933285	0.99840796	0.99920595	0.99871737	FGA	2041-04-01
2041-11-17	tropics	13								0.998996	0.9994905	0.99800557	0.9993459	0.9984354	0.99922097	0.99874043	FGA	2041-04-01
2041-11-18	tropics	13								0.99901414	0.9995007	0.9980387	0.99935865	0.9984624	0.9992353	0.9987632	FGA	2041-04-01
2041-11-19	tropics	13								0.999032	0.9995107	0.99807125	0.99937123	0.99848884	0.9992492	0.9987857	FGA	2041-04-01
2041-11-20	tropics	13								0.9990496	0.9995205	0.99810326	0.99938345	0.99851495	0.9992629	0.99880826	FGA	2041-04-01
2041-11-21	tropics	13								0.99906695	0.9995301	0.99813485	0.9993955	0.9985407	0.9992764	0.99883044	FGA	2041-04-01
2041-11-22	tropics	13								0.99908423	0.9995395	0.99816537	0.9994074	0.9985662	0.9992904	0.9988506	FGA	2041-04-01
2041-11-23	tropics	13								0.9991013	0.99954873	0.9981953	0.999419	0.99859136	0.99930406	0.99887013	FGA	2041-04-01
2041-11-24	tropics	13								0.99911815	0.9995578	0.99822474	0.99943024	0.998616	0.99931747	0.9988893	FGA	2041-04-01
2041-11-25	tropics	13								0.9991346	0.9995666	0.99825364	0.99944144	0.9986402	0.99933064	0.9989085	FGA	2041-04-01
2041-11-26	tropics	13								0.9991508	0.99957526	0.99828213	0.9994523	0.998664	0.9993434	0.9989276	FGA	2041-04-01
2041-11-27	tropics	13								0.99916667	0.9995838	0.99831015	0.9994631	0.99868745	0.99935573	0.9989463	FGA	2041-04-01
2041-11-28	tropics	13								0.9991822	0.9995921	0.9983376	0.9994735	0.9987104	0.999368	0.9989648	FGA	2041-04-01
2041-11-29	tropics	13								0.9991976	0.99960023	0.9983647	0.9994838	0.998733	0.99938005	0.9989828	FGA	2041-04-01
2041-11-30	tropics	13								0.99921256	0.9996082	0.9983913	0.9994939	0.99875504	0.9993919	0.99900055	FGA	2041-04-01
2041-12-01	tropics	13								0.9992268	0.99961615	0.9984175	0.99950373	0.99877685	0.9994037	0.9990182	FGA	2041-04-01
2041-12-02	tropics	13								0.9992409	0.9996238	0.9984431	0.99951345	0.9987983	0.99941516	0.9990356	FGA	2041-04-01
2041-12-03	tropics	13								0.9992546	0.9996312	0.9984684	0.999523	0.99881864	0.9994264	0.9990527	FGA	2041-04-01
2041-12-04	tropics	13								0.99926805	0.9996386	0.99849313	0.9995323	0.998838	0.99943745	0.9990696	FGA	2041-04-01
2041-12-05	tropics	13								0.9992812	0.9996459	0.9985176	0.9995414	0.998857	0.9994482	0.999086	FGA	2041-04-01
2041-12-06	tropics	13								0.9992944	0.999653	0.9985416	0.99955034	0.99887574	0.99945873	0.99910223	FGA	2041-04-01
2041-12-07	tropics	13								0.9993074	0.99965984	0.9985652	0.9995592	0.9988942	0.99946904	0.99911815	FGA	2041-04-01
2041-12-08	tropics	13								0.99932027	0.9996667	0.9985884	0.9995678	0.9989123	0.9994793	0.9991338	FGA	2041-04-01
2041-12-09	tropics	13								0.9993328	0.99967337	0.9986102	0.99957603	0.998931	0.9994892	0.9991492	FGA	2041-04-01
2041-12-10	tropics	13								0.9993452	0.99967986	0.99863183	0.99958426	0.99894994	0.99949896	0.9991642	FGA	2041-04-01
2041-12-11	tropics	13								0.9993573	0.9996863	0.99865335	0.99959224	0.99896854	0.99950856	0.9991791	FGA	2041-04-01
2041-12-12	tropics	13								0.99936914	0.9996925	0.99867654	0.9996003	0.99898595	0.99951786	0.99919367	FGA	2041-04-01
2041-12-13	tropics	13								0.9993808	0.99969864	0.99869937	0.99960786	0.9990028	0.9995272	0.99920803	FGA	2041-04-01
2041-12-14	tropics	13								0.9993923	0.9997047	0.9987217	0.9996155	0.99901956	0.9995362	0.9992218	FGA	2041-04-01
2041-12-15	tropics	13								0.9994036	0.99971056	0.99874365	0.9996228	0.99903595	0.9995452	0.9992352	FGA	2041-04-01
2041-12-16	tropics	13								0.99941456	0.99971634	0.99876523	0.99963015	0.99905217	0.999554	0.9992482	FGA	2041-04-01
2041-12-17	tropics	13								0.9994253	0.99972206	0.9987866	0.9996373	0.99906814	0.9995626	0.9992612	FGA	2041-04-01
2041-12-18	tropics	13								0.9994358	0.99972755	0.99880743	0.9996443	0.9990839	0.99957097	0.99927425	FGA	2041-04-01
2041-12-19	tropics	13								0.99944603	0.99973303	0.99882793	0.9996511	0.9990992	0.99957925	0.99928725	FGA	2041-04-01
2041-12-20	tropics	13								0.9994563	0.9997383	0.99884814	0.9996577	0.9991144	0.99958736	0.9993	FGA	2041-04-01
2041-12-21	tropics	13								0.9994662	0.9997435	0.9988678	0.99966437	0.99912995	0.9995953	0.9993126	FGA	2041-04-01
2041-12-22	tropics	13								0.999476	0.99974865	0.998887	0.99967074	0.9991454	0.99960303	0.9993249	FGA	2041-04-01
2041-12-23	tropics	13								0.9994856	0.99975365	0.9989057	0.99967724	0.99916035	0.9996106	0.9993371	FGA	2041-04-01
2041-12-24	tropics	13								0.999495	0.99975854	0.998924	0.9996834	0.9991753	0.99961793	0.99934894	FGA	2041-04-01
2041-12-25	tropics	13								0.9995042	0.99976337	0.9989422	0.9996896	0.9991895	0.9996253	0.9993603	FGA	2041-04-01
2041-12-26	tropics	13								0.9995135	0.99976814	0.9989598	0.9996955	0.9992007	0.99963254	0.99937165	FGA	2041-04-01
2041-12-27	tropics	13								0.9995226	0.9997727	0.99897724	0.9997014	0.9992125	0.9996395	0.99938273	FGA	2041-04-01
2041-12-28	tropics	13								0.9995315	0.99977726	0.9989942	0.9997072	0.9992256	0.99964595	0.9993937	FGA	2041-04-01
2041-12-29	tropics	13								0.99954027	0.9997817	0.99901074	0.99971277	0.9992386	0.9996521	0.99940455	FGA	2041-04-01
2041-12-30	tropics	13								0.9995489	0.9997861	0.99902713	0.9997184	0.99925154	0.9996581	0.9994152	FGA	2041-04-01
2041-12-31	tropics	13								0.99955726	0.9997903	0.99904317	0.9997238	0.9992644	0.9996643	0.99942565	FGA	2041-04-01
2042-01-01	tropics	13								0.9995656	0.9997945	0.99905896	0.9997291	0.9992772	0.9996705	0.9994358	FGA	2041-04-01
2042-01-02	tropics	13								0.9995737	0.9997986	0.9990744	0.9997344	0.99928963	0.9996764	0.9994458	FGA	2041-04-01
2042-01-03	tropics	13								0.9995817	0.99980253	0.99908966	0.9997395	0.9993019	0.9996824	0.9994557	FGA	2041-04-01
2042-01-04	tropics	13								0.9995895	0.9998065	0.9991046	0.9997447	0.9993123	0.9996883	0.99946535	FGA	2041-04-01
2042-01-05	tropics	13								0.99959725	0.99981034	0.9991194	0.99974966	0.9993228	0.9996941	0.99947494	FGA	2041-04-01
2042-01-06	tropics	13								0.9996047	0.99981415	0.9991335	0.99975455	0.9993338	0.99969983	0.9994844	FGA	2041-04-01
2042-01-07	tropics	13								0.999612	0.9998178	0.999147	0.9997593	0.99934477	0.99970555	0.9994937	FGA	2041-04-01
2042-01-08	tropics	13								0.99961907	0.9998215	0.9991602	0.99976397	0.99935555	0.99971116	0.9995028	FGA	2041-04-01
2042-01-09	tropics	13								0.99962616	0.999825	0.9991731	0.99976856	0.9993663	0.99971664	0.99951166	FGA	2041-04-01
2042-01-10	tropics	13								0.9996332	0.9998286	0.99918574	0.999773	0.99937683	0.999722	0.99952054	FGA	2041-04-01
2042-01-11	tropics	13								0.99964	0.9998319	0.99919826	0.99977756	0.99938715	0.9997272	0.9995291	FGA	2041-04-01
2042-01-12	tropics	13								0.99964666	0.99983525	0.9992105	0.9997819	0.99939734	0.99973243	0.9995375	FGA	2041-04-01
2042-01-13	tropics	13								0.99965334	0.99983853	0.9992225	0.9997862	0.99940735	0.9997375	0.99954534	FGA	2041-04-01
2042-01-14	tropics	13								0.9996598	0.99984175	0.9992335	0.99979025	0.9994171	0.9997425	0.9995531	FGA	2041-04-01
2042-01-15	tropics	13								0.9996661	0.999845	0.99924433	0.9997944	0.9994267	0.9997474	0.99956083	FGA	2041-04-01
2042-01-16	tropics	13								0.99967235	0.9998481	0.99925494	0.9997984	0.9994361	0.9997522	0.9995686	FGA	2041-04-01
2042-01-17	tropics	13								0.9996784	0.9998512	0.99926543	0.99980235	0.9994456	0.999757	0.99957615	FGA	2041-04-01
2042-01-18	tropics	13								0.99968386	0.9998542	0.99927574	0.9998062	0.99945444	0.9997617	0.9995837	FGA	2041-04-01
2042-01-19	tropics	13								0.9996892	0.9998572	0.99928594	0.9998099	0.99946284	0.99976623	0.99959105	FGA	2041-04-01
2042-01-20	tropics	13								0.9996947	0.99986005	0.99929607	0.9998137	0.99947137	0.9997708	0.9995984	FGA	2041-04-01
2042-01-21	tropics	13								0.99970007	0.99986285	0.99930686	0.99981725	0.9994798	0.9997752	0.9996054	FGA	2041-04-01
2042-01-22	tropics	13								0.9997055	0.99986565	0.99931735	0.9998209	0.9994881	0.99977946	0.99961233	FGA	2041-04-01
2042-01-23	tropics	13								0.99971074	0.9998684	0.99932766	0.99982446	0.99949616	0.99978375	0.9996192	FGA	2041-04-01
2042-01-24	tropics	13								0.999716	0.999871	0.99933785	0.9998278	0.9995043	0.9997879	0.9996259	FGA	2041-04-01
2042-01-25	tropics	13								0.9997211	0.9998736	0.99934787	0.9998312	0.99951226	0.999792	0.9996326	FGA	2041-04-01
2042-01-26	tropics	13								0.99972624	0.99987626	0.99935776	0.9998344	0.99951994	0.999796	0.99963903	FGA	2041-04-01
2042-01-27	tropics	13								0.9997313	0.9998787	0.99936736	0.99983764	0.99952763	0.99979985	0.999645	FGA	2041-04-01
2042-01-28	tropics	13								0.99973625	0.99988115	0.9993771	0.99984074	0.9995351	0.9998036	0.99965096	FGA	2041-04-01
2042-01-29	tropics	13								0.99974114	0.99988353	0.99938655	0.99984384	0.99954265	0.99980736	0.99965715	FGA	2041-04-01
2042-01-30	tropics	13								0.9997459	0.99988586	0.99939597	0.9998468	0.9995499	0.999811	0.9996629	FGA	2041-04-01
2042-01-31	tropics	13								0.9997506	0.9998882	0.9994053	0.9998498	0.9995571	0.9998146	0.99966896	FGA	2041-04-01
2042-02-01	tropics	13								0.9997552	0.99989045	0.9994144	0.99985266	0.99956447	0.9998181	0.9996749	FGA	2041-04-01
2042-02-02	tropics	13								0.99975973	0.9998927	0.99942344	0.9998555	0.9995719	0.99982154	0.9996804	FGA	2041-04-01
2042-02-03	tropics	13								0.99976414	0.99989486	0.9994322	0.99985844	0.99957925	0.9998249	0.99968576	FGA	2041-04-01
2042-02-04	tropics	13								0.9997685	0.99989694	0.99944097	0.9998611	0.9995864	0.9998281	0.99969125	FGA	2041-04-01
2042-02-05	tropics	13								0.9997728	0.9998991	0.99944955	0.9998639	0.99959344	0.99983126	0.9996967	FGA	2041-04-01
2042-02-06	tropics	13								0.999777	0.99990106	0.99945796	0.9998665	0.9996001	0.99983436	0.99970186	FGA	2041-04-01
2042-02-07	tropics	13								0.9997811	0.9999031	0.99946624	0.9998692	0.999606	0.9998373	0.9997069	FGA	2041-04-01
2042-02-08	tropics	13								0.9997852	0.99990505	0.9994744	0.99987185	0.99961174	0.9998404	0.999712	FGA	2041-04-01
2042-02-09	tropics	13								0.9997891	0.99990696	0.99948233	0.9998743	0.9996173	0.9998433	0.999717	FGA	2041-04-01
2042-02-10	tropics	13								0.999793	0.99990886	0.99948967	0.99987674	0.99962354	0.9998462	0.99972194	FGA	2041-04-01
2042-02-11	tropics	13								0.99979675	0.9999107	0.99949676	0.9998792	0.99962986	0.9998492	0.9997268	FGA	2041-04-01
2042-02-12	tropics	13								0.99980056	0.9999125	0.9995038	0.9998816	0.9996361	0.9998522	0.99973154	FGA	2041-04-01
2042-02-13	tropics	13								0.99980426	0.9999142	0.99951077	0.99988383	0.9996422	0.999855	0.99973625	FGA	2041-04-01
2042-02-14	tropics	13								0.9998079	0.99991596	0.9995177	0.9998861	0.99964833	0.9998578	0.99974084	FGA	2041-04-01
2042-02-15	tropics	13								0.9998114	0.9999176	0.9995247	0.9998883	0.9996543	0.99986035	0.9997455	FGA	2041-04-01
2042-02-16	tropics	13								0.999815	0.99991935	0.9995317	0.99989057	0.99966013	0.9998628	0.9997499	FGA	2041-04-01
2042-02-17	tropics	13								0.9998183	0.99992096	0.9995384	0.9998927	0.999666	0.9998651	0.9997543	FGA	2041-04-01
2042-02-18	tropics	13								0.99982166	0.9999226	0.99954516	0.9998948	0.9996715	0.99986756	0.9997587	FGA	2041-04-01
2042-02-19	tropics	13								0.9998248	0.9999241	0.99955165	0.9998968	0.9996771	0.99986994	0.99976295	FGA	2041-04-01
2042-02-20	tropics	13								0.99982786	0.9999256	0.99955815	0.9998989	0.9996826	0.9998723	0.99976707	FGA	2041-04-01
2042-02-21	tropics	13								0.9998307	0.99992716	0.99956447	0.9999008	0.99968797	0.9998748	0.9997712	FGA	2041-04-01
2042-02-22	tropics	13								0.9998337	0.9999286	0.9995708	0.9999028	0.9996933	0.99987715	0.9997752	FGA	2041-04-01
2042-02-23	tropics	13								0.99983656	0.99993	0.999577	0.9999047	0.9996984	0.9998794	0.9997791	FGA	2041-04-01
2042-02-24	tropics	13								0.9998394	0.9999314	0.99958307	0.99990654	0.99970335	0.9998818	0.99978304	FGA	2041-04-01
2042-02-25	tropics	13								0.9998424	0.99993277	0.999589	0.9999083	0.99970806	0.999884	0.9997868	FGA	2041-04-01
2042-02-26	tropics	13								0.9998453	0.9999341	0.999595	0.9999102	0.9997129	0.99988616	0.9997906	FGA	2041-04-01
2042-02-27	tropics	13								0.9998481	0.99993545	0.99960077	0.9999119	0.9997174	0.9998883	0.9997939	FGA	2041-04-01
2042-02-28	tropics	13								0.9998509	0.99993676	0.99960655	0.99991363	0.9997219	0.9998905	0.9997972	FGA	2041-04-01
2042-03-01	tropics	13								0.99985373	0.99993795	0.99961215	0.99991524	0.99972624	0.9998926	0.9998007	FGA	2041-04-01
2042-03-02	tropics	13								0.9998564	0.99993914	0.99961776	0.9999169	0.9997305	0.99989456	0.99980414	FGA	2041-04-01
2042-03-03	tropics	13								0.9998591	0.9999404	0.9996232	0.9999186	0.9997348	0.9998966	0.9998075	FGA	2041-04-01
2042-03-04	tropics	13								0.9998617	0.9999415	0.99962854	0.9999201	0.99973893	0.9998987	0.9998108	FGA	2041-04-01
2042-03-05	tropics	13								0.9998642	0.9999427	0.99963385	0.9999217	0.999743	0.9999006	0.9998142	FGA	2041-04-01
2042-03-06	tropics	13								0.9998667	0.99994385	0.99963903	0.9999232	0.99974704	0.9999024	0.9998175	FGA	2041-04-01
2042-03-07	tropics	13								0.99986917	0.999945	0.99964416	0.9999247	0.99975103	0.9999043	0.9998207	FGA	2041-04-01
2042-03-08	tropics	13								0.9998715	0.99994606	0.9996493	0.99992615	0.9997549	0.99990606	0.9998239	FGA	2041-04-01
2042-03-09	tropics	13								0.9998737	0.99994713	0.9996542	0.9999276	0.9997587	0.9999079	0.99982697	FGA	2041-04-01
2042-03-10	tropics	13								0.9998759	0.9999482	0.9996591	0.99992895	0.99976254	0.9999096	0.9998299	FGA	2041-04-01
2042-03-11	tropics	13								0.99987817	0.9999492	0.99966395	0.99993044	0.99976623	0.9999112	0.9998328	FGA	2041-04-01
2042-03-12	tropics	13								0.99988043	0.99995023	0.99966866	0.99993175	0.99976987	0.99991286	0.99983567	FGA	2041-04-01
2042-03-13	tropics	13								0.99988264	0.9999512	0.99967337	0.99993306	0.99977356	0.9999144	0.9998384	FGA	2041-04-01
2042-03-14	tropics	13								0.9998847	0.99995214	0.999678	0.9999344	0.9997773	0.999916	0.9998412	FGA	2041-04-01
2042-03-15	tropics	13								0.9998869	0.99995303	0.9996825	0.9999356	0.999781	0.9999177	0.999844	FGA	2041-04-01
2042-03-16	tropics	13								0.99988896	0.99995404	0.999687	0.999937	0.99978423	0.9999191	0.9998468	FGA	2041-04-01
2042-03-17	tropics	13								0.999891	0.99995494	0.99969137	0.99993813	0.99978757	0.9999206	0.9998496	FGA	2041-04-01
2042-03-18	tropics	13								0.99989295	0.99995583	0.9996958	0.99993944	0.99979085	0.99992216	0.9998523	FGA	2041-04-01
2042-03-19	tropics	13								0.99989486	0.9999567	0.99969995	0.99994063	0.9997942	0.9999235	0.99985504	FGA	2041-04-01
2042-03-20	tropics	13								0.99989676	0.9999576	0.99970424	0.9999417	0.99979776	0.999925	0.99985766	FGA	2041-04-01
2042-03-21	tropics	13								0.99989855	0.99995846	0.9997084	0.99994284	0.9998011	0.99992627	0.9998603	FGA	2041-04-01
2042-03-22	tropics	13								0.99990046	0.9999593	0.99971247	0.9999439	0.9998041	0.9999277	0.99986273	FGA	2041-04-01
2042-03-23	tropics	13								0.9999021	0.9999601	0.99971646	0.99994504	0.999807	0.999929	0.9998652	FGA	2041-04-01
2042-03-24	tropics	13								0.9999039	0.9999609	0.99972034	0.9999461	0.99980986	0.99993026	0.9998675	FGA	2041-04-01
2042-03-25	tropics	13								0.99990547	0.9999616	0.9997243	0.99994713	0.9998126	0.9999316	0.9998698	FGA	2041-04-01
2042-03-26	tropics	13								0.99990726	0.9999624	0.9997281	0.9999482	0.9998154	0.999933	0.9998721	FGA	2041-04-01
2042-03-27	tropics	13								0.9999089	0.99996316	0.9997319	0.9999492	0.999818	0.9999342	0.99987435	FGA	2041-04-01
2042-03-28	tropics	13								0.9999105	0.9999639	0.9997356	0.99995023	0.9998207	0.9999355	0.9998765	FGA	2041-04-01
2042-03-29	tropics	13								0.99991214	0.99996465	0.9997393	0.9999512	0.99982333	0.9999367	0.9998787	FGA	2041-04-01
2042-03-30	tropics	13								0.9999137	0.9999653	0.99974287	0.99995214	0.99982595	0.9999379	0.9998808	FGA	2041-04-01
2042-03-31	tropics	13								0.99991536	0.999966	0.99974644	0.99995303	0.9998285	0.99993896	0.9998829	FGA	2041-04-01
2042-04-01	tropics	13								0.9999169	0.9999667	0.9997499	0.999954	0.9998311	0.99994016	0.99988496	FGA	2041-04-01
2041-04-01	tropics	17								0.0018732748	0.005558176	0.00060282217	0.0037236263	0.00093173084	0.0026317532	0.0012555029	FGA	2041-04-01
2041-04-02	tropics	17								0.0018418396	0.005501671	0.0005921355	0.0036863934	0.0009159946	0.0025979485	0.0012336846	FGA	2041-04-01
2041-04-03	tropics	17								0.0018143265	0.0054456163	0.00058162265	0.0036494583	0.0009004998	0.0025645234	0.0012126649	FGA	2041-04-01
2041-04-04	tropics	17								0.0017853631	0.0053900178	0.00057128485	0.0036128147	0.0008852476	0.002531472	0.0011928922	FGA	2041-04-01
2041-04-05	tropics	17								0.0017554865	0.005345579	0.00056112045	0.00357646	0.00087023666	0.002497511	0.0011734536	FGA	2041-04-01
2041-04-06	tropics	17								0.0017259831	0.005301709	0.0005511246	0.0035403995	0.00085545983	0.0024617822	0.0011543066	FGA	2041-04-01
2041-04-07	tropics	17								0.0016986709	0.005258106	0.00054129504	0.0035045054	0.00083955214	0.002426283	0.0011354475	FGA	2041-04-01
2041-04-08	tropics	17								0.0016717595	0.0052147754	0.0005316303	0.0034683573	0.00082389516	0.0023912482	0.0011168704	FGA	2041-04-01
2041-04-09	tropics	17								0.0016447348	0.005171717	0.0005221283	0.0034325146	0.00080851046	0.002356674	0.0010986312	FGA	2041-04-01
2041-04-10	tropics	17								0.0016172142	0.00512893	0.00051278574	0.003393465	0.00079260307	0.0023216265	0.0010810054	FGA	2041-04-01
2041-04-11	tropics	17								0.0015912057	0.0050864154	0.0005036007	0.0033485661	0.0007764093	0.002283225	0.0010638477	FGA	2041-04-01
2041-04-12	tropics	17								0.001566096	0.005044176	0.0004945708	0.0033041933	0.0007611437	0.0022497438	0.0010469392	FGA	2041-04-01
2041-04-13	tropics	17								0.0015417002	0.00500221	0.00048569398	0.0032603426	0.0007472792	0.0022250107	0.0010302775	FGA	2041-04-01
2041-04-14	tropics	17								0.0015200512	0.0049605197	0.0004769678	0.0032170117	0.00073365564	0.0021989215	0.0010138592	FGA	2041-04-01
2041-04-15	tropics	17								0.0014972996	0.0049191033	0.00046838998	0.0031741948	0.00071956543	0.0021706114	0.0009976819	FGA	2041-04-01
2041-04-16	tropics	17								0.0014748266	0.004877963	0.00045995833	0.00313189	0.00070481794	0.0021426082	0.0009817425	FGA	2041-04-01
2041-04-17	tropics	17								0.001452239	0.004837099	0.00045152009	0.0030900904	0.0006906594	0.0021155884	0.0009660383	FGA	2041-04-01
2041-04-18	tropics	17								0.0014308826	0.004796511	0.0004428032	0.003048793	0.0006778836	0.0020859323	0.0009505666	FGA	2041-04-01
2041-04-19	tropics	17								0.0014097618	0.0047571384	0.00043419903	0.0030086695	0.0006668913	0.002058968	0.00093532423	FGA	2041-04-01
2041-04-20	tropics	17								0.0013887266	0.004718059	0.00042537157	0.0029785843	0.00065529393	0.0020302716	0.00092030864	FGA	2041-04-01
2041-04-21	tropics	17								0.0013679804	0.00467924	0.0004166613	0.0029487496	0.0006427367	0.0019997978	0.00090498605	FGA	2041-04-01
2041-04-22	tropics	17								0.0013475199	0.0046406807	0.00040812264	0.0029165784	0.000630409	0.0019710045	0.0008902537	FGA	2041-04-01
2041-04-23	tropics	17								0.0013273421	0.004602382	0.00039975252	0.002880315	0.0006183919	0.0019443643	0.0008759501	FGA	2041-04-01
2041-04-24	tropics	17								0.001307128	0.0045643426	0.00039154777	0.0028454624	0.000606693	0.0019180515	0.000861574	FGA	2041-04-01
2041-04-25	tropics	17								0.00128636	0.0045265635	0.00038350545	0.002819635	0.0005952054	0.0018941556	0.00084638596	FGA	2041-04-01
2041-04-26	tropics	17								0.0012665982	0.004489045	0.0003756226	0.0027938434	0.00058392587	0.001873193	0.0008309705	FGA	2041-04-01
2041-04-27	tropics	17								0.0012469761	0.0044517857	0.0003678961	0.0027676704	0.00057285064	0.0018512493	0.00081601716	FGA	2041-04-01
2041-04-28	tropics	17								0.0012292665	0.0044147857	0.00036032326	0.0027358728	0.00056197663	0.0018283557	0.0008034409	FGA	2041-04-01
2041-04-29	tropics	17								0.0012117898	0.004378045	0.00035290106	0.0026986997	0.00055130024	0.0018027083	0.00079117896	FGA	2041-04-01
2041-04-30	tropics	17								0.0011937362	0.004341563	0.00034562685	0.0026619898	0.00054081855	0.001778939	0.00077915785	FGA	2041-04-01
2041-05-01	tropics	17								0.0011754974	0.0043053403	0.00033849775	0.0026325118	0.0005305281	0.0017608794	0.00076681195	FGA	2041-04-01
2041-05-02	tropics	17								0.0011575206	0.0042693755	0.0003315111	0.0026034263	0.0005196329	0.0017429831	0.0007538147	FGA	2041-04-01
2041-05-03	tropics	17								0.0011398024	0.004233669	0.00032466426	0.002569025	0.0005101795	0.0017247611	0.0007401711	FGA	2041-04-01
2041-05-04	tropics	17								0.0011233651	0.0041982196	0.0003179545	0.0025316947	0.0005003753	0.0017001126	0.00072681403	FGA	2041-04-01
2041-05-05	tropics	17								0.0011079926	0.004163027	0.00031137938	0.0024948712	0.00049063365	0.0016744242	0.0007142182	FGA	2041-04-01
2041-05-06	tropics	17								0.0010926137	0.0041280896	0.0003049362	0.0024586015	0.00048107505	0.0016491048	0.0007023624	FGA	2041-04-01
2041-05-07	tropics	17								0.0010743795	0.0040934086	0.0002986226	0.0024305265	0.00047172164	0.0016241495	0.0006906967	FGA	2041-04-01
2041-05-08	tropics	17								0.00105803	0.004055676	0.000292436	0.0024027405	0.00046264118	0.0015995547	0.0006782253	FGA	2041-04-01
2041-05-09	tropics	17								0.0010425488	0.0040143575	0.00028637407	0.002375241	0.0004537647	0.0015788476	0.0006653276	FGA	2041-04-01
2041-05-10	tropics	17								0.0010272823	0.00397341	0.0002804344	0.0023480253	0.00044512443	0.0015584879	0.0006528193	FGA	2041-04-01
2041-05-11	tropics	17								0.001012228	0.003932833	0.00027461466	0.0023210929	0.0004366433	0.001538375	0.00064072345	FGA	2041-04-01
2041-05-12	tropics	17								0.0009973831	0.0038926252	0.00026891258	0.0022944398	0.00042831866	0.0015174665	0.0006290273	FGA	2041-04-01
2041-05-13	tropics	17								0.0009826797	0.0038527832	0.00026332587	0.0022665572	0.00042014773	0.0014965249	0.0006183152	FGA	2041-04-01
2041-05-14	tropics	17								0.00096735894	0.0038133054	0.00025785228	0.0022383058	0.00041216542	0.0014758606	0.0006085017	FGA	2041-04-01
2041-05-15	tropics	17								0.00095291634	0.0037741896	0.00025248964	0.0022103821	0.0004051263	0.0014554703	0.0005988485	FGA	2041-04-01
2041-05-16	tropics	17								0.00093868177	0.0037354347	0.0002472359	0.0021827824	0.00039820318	0.001435351	0.0005875489	FGA	2041-04-01
2041-05-17	tropics	17								0.00092310616	0.003697037	0.00024208888	0.0021552027	0.00039139434	0.001413187	0.0005764845	FGA	2041-04-01
2041-05-18	tropics	17								0.0009080737	0.003658995	0.0002370465	0.0021279498	0.00038469795	0.001391306	0.00056631304	FGA	2041-04-01
2041-05-19	tropics	17								0.000893906	0.0036213072	0.00023210671	0.00210102	0.0003781124	0.0013697519	0.0005563793	FGA	2041-04-01
2041-05-20	tropics	17								0.00087932457	0.0035839705	0.00022726755	0.0020744104	0.00037163583	0.0013485202	0.0005463409	FGA	2041-04-01
2041-05-21	tropics	17								0.0008656367	0.0035469835	0.00022252712	0.0020481176	0.00036526675	0.001327606	0.00053656887	FGA	2041-04-01
2041-05-22	tropics	17								0.00085225503	0.0035103427	0.0002178834	0.002022138	0.0003590034	0.0013070055	0.0005271326	FGA	2041-04-01
2041-05-23	tropics	17								0.00083852105	0.003474047	0.00021333451	0.0020002238	0.00035215582	0.0012867143	0.0005180425	FGA	2041-04-01
2041-05-24	tropics	17								0.0008241165	0.003438094	0.00020884819	0.0019755997	0.00034525644	0.0012688215	0.0005095711	FGA	2041-04-01
2041-05-25	tropics	17								0.0008107735	0.0034024809	0.00020438786	0.0019486079	0.00033854556	0.0012515516	0.00050110876	FGA	2041-04-01
2041-05-26	tropics	17								0.00079840666	0.0033672058	0.00020002092	0.0019219683	0.000331963	0.0012345044	0.00049220124	FGA	2041-04-01
2041-05-27	tropics	17								0.0007859699	0.0033322664	0.00019574555	0.0018968402	0.0003255063	0.0012176777	0.000483713	FGA	2041-04-01
2041-05-28	tropics	17								0.00077332585	0.0032976605	0.00019155981	0.0018726783	0.00031917318	0.0012010689	0.0004752642	FGA	2041-04-01
2041-05-29	tropics	17								0.00076095655	0.0032633853	0.00018746198	0.0018488087	0.00031307555	0.0011846754	0.00046678816	FGA	2041-04-01
2041-05-30	tropics	17								0.00074844924	0.0032294383	0.00018345023	0.0018252275	0.00030793162	0.001168495	0.0004591794	FGA	2041-04-01
2041-05-31	tropics	17								0.0007361376	0.003195818	0.00017952282	0.0018019327	0.0003028697	0.0011525252	0.00045169154	FGA	2041-04-01
2041-06-01	tropics	17								0.00072402274	0.0031625214	0.00017567801	0.0017789211	0.00029788853	0.0011367635	0.0004443229	FGA	2041-04-01
2041-06-02	tropics	17								0.0007121017	0.003129591	0.00017191416	0.0017561893	0.00029236096	0.0011212075	0.00043661305	FGA	2041-04-01
2041-06-03	tropics	17								0.00070058624	0.0030999887	0.0001682296	0.0017337345	0.00028644092	0.0011058549	0.000428689	FGA	2041-04-01
2041-06-04	tropics	17								0.00068926095	0.0030706439	0.0001646227	0.0017114934	0.00028063802	0.0010910314	0.00042090565	FGA	2041-04-01
2041-06-05	tropics	17								0.0006781131	0.0030415547	0.00016109191	0.0016892388	0.00027495009	0.0010765546	0.0004132606	FGA	2041-04-01
2041-06-06	tropics	17								0.00066714024	0.0030127203	0.00015763563	0.0016664519	0.00026937496	0.001062218	0.000405801	FGA	2041-04-01
2041-06-07	tropics	17								0.0006563399	0.0029841387	0.00015425235	0.0016439586	0.0002639623	0.0010480303	0.00039855932	FGA	2041-04-01
2041-06-08	tropics	17								0.00064570946	0.002955808	0.0001509406	0.0016217565	0.00025866652	0.0010332699	0.00039148313	FGA	2041-04-01
2041-06-09	tropics	17								0.0006352463	0.0029277273	0.00014769887	0.001599842	0.00025347492	0.0010178788	0.00038453206	FGA	2041-04-01
2041-06-10	tropics	17								0.0006249481	0.0028998947	0.00014452575	0.0015781949	0.0002483855	0.0010036514	0.00037798105	FGA	2041-04-01
2041-06-11	tropics	17								0.0006148125	0.002872308	0.0001414198	0.0015568184	0.00024377202	0.0009891591	0.00037162364	FGA	2041-04-01
2041-06-12	tropics	17								0.0006048444	0.0028449665	0.00013837968	0.0015357204	0.00023941566	0.0009757021	0.00036562196	FGA	2041-04-01
2041-06-13	tropics	17								0.0005957105	0.0028178678	0.00013540399	0.0015148972	0.0002351356	0.00096186675	0.00035925495	FGA	2041-04-01
2041-06-14	tropics	17								0.00058671186	0.0027910103	0.00013249139	0.0014952288	0.0002309306	0.000948583	0.0003537829	FGA	2041-04-01
2041-06-15	tropics	17								0.0005778468	0.0027643924	0.00012964063	0.0014783224	0.00022679934	0.0009362887	0.0003479729	FGA	2041-04-01
2041-06-16	tropics	17								0.0005691133	0.002738013	0.00012685041	0.0014615977	0.00022274065	0.00092414796	0.00034152632	FGA	2041-04-01
2041-06-17	tropics	17								0.0005608828	0.0027118702	0.00012411737	0.0014450527	0.0002187864	0.00091215916	0.00033545785	FGA	2041-04-01
2041-06-18	tropics	17								0.0005529694	0.002685962	0.00012144075	0.0014264691	0.00021490711	0.00090030214	0.00032962245	FGA	2041-04-01
2041-06-19	tropics	17								0.00054403814	0.002660287	0.00011882114	0.0014078853	0.00021086687	0.0008884156	0.0003238874	FGA	2041-04-01
2041-06-20	tropics	17								0.0005348455	0.0026348438	0.0001163799	0.0013895362	0.00020664769	0.000876576	0.0003180846	FGA	2041-04-01
2041-06-21	tropics	17								0.00052593043	0.0026096299	0.000113993774	0.0013714189	0.00020251215	0.00086486165	0.00031214728	FGA	2041-04-01
2041-06-22	tropics	17								0.00051815493	0.0025846444	0.00011165499	0.001353531	0.00019845855	0.0008532989	0.00030631924	FGA	2041-04-01
2041-06-23	tropics	17								0.00051049184	0.0025598854	0.00010936368	0.0013358699	0.00019448533	0.00084186025	0.00030074868	FGA	2041-04-01
2041-06-24	tropics	17								0.00050293957	0.002535351	0.00010711889	0.0013184324	0.00019059096	0.0008305247	0.00029533304	FGA	2041-04-01
2041-06-25	tropics	17								0.00049531844	0.00251104	0.00010491968	0.0013012162	0.00018677501	0.0008193366	0.00029001365	FGA	2041-04-01
2041-06-26	tropics	17								0.00048751495	0.0024869503	0.00010276517	0.0012841462	0.0001830565	0.0008079712	0.0002847889	FGA	2041-04-01
2041-06-27	tropics	17								0.00047983276	0.0024630805	0.00010065447	0.0012672321	0.0001794115	0.00079620106	0.00027965705	FGA	2041-04-01
2041-06-28	tropics	17								0.00047227	0.002439429	9.858669e-05	0.0012505351	0.00017583855	0.0007845986	0.00027461656	FGA	2041-04-01
2041-06-29	tropics	17								0.0004648249	0.0024159935	9.656097e-05	0.0012337224	0.00017264984	0.0007731613	0.0002696658	FGA	2041-04-01
2041-06-30	tropics	17								0.00045749568	0.002392773	9.4576506e-05	0.0012165933	0.00016906252	0.00076188735	0.00026495286	FGA	2041-04-01
2041-07-01	tropics	17								0.0004502805	0.0023697664	9.2632436e-05	0.0012011846	0.00016546239	0.00075063837	0.00025988894	FGA	2041-04-01
2041-07-02	tropics	17								0.00044317782	0.0023469708	9.0727975e-05	0.0011865578	0.00016232496	0.0007393551	0.00025497645	FGA	2041-04-01
2041-07-03	tropics	17								0.0004361858	0.0023243849	8.8862325e-05	0.0011711455	0.00015926418	0.0007290202	0.00025021116	FGA	2041-04-01
2041-07-04	tropics	17								0.00042954323	0.0023020077	8.703471e-05	0.0011558066	0.00015626047	0.00071872154	0.000245534	FGA	2041-04-01
2041-07-05	tropics	17								0.0004228889	0.002279837	8.524436e-05	0.001140664	0.00015331275	0.00070768176	0.00024094328	FGA	2041-04-01
2041-07-06	tropics	17								0.0004163361	0.0022578707	8.349054e-05	0.0011257153	0.00015042002	0.00069664716	0.00023643745	FGA	2041-04-01
2041-07-07	tropics	17								0.00040988327	0.0022361085	8.17725e-05	0.0011109583	0.00014758132	0.0006856294	0.00023201495	FGA	2041-04-01
2041-07-08	tropics	17								0.00040352906	0.0022145477	8.0089565e-05	0.0010963904	0.00014479557	0.00067533075	0.00022767435	FGA	2041-04-01
2041-07-09	tropics	17								0.00039727194	0.002193187	7.844098e-05	0.0010820095	0.00014207813	0.000666455	0.00022341404	FGA	2041-04-01
2041-07-10	tropics	17								0.00039111055	0.0021720245	7.682597e-05	0.0010678135	0.00013941222	0.0006579728	0.00021925604	FGA	2041-04-01
2041-07-11	tropics	17								0.0003848018	0.0021510595	7.519861e-05	0.0010537998	0.00013679577	0.0006486899	0.00021524457	FGA	2041-04-01
2041-07-12	tropics	17								0.0003784491	0.0021302896	7.360542e-05	0.0010399666	0.00013422791	0.00063943176	0.00021133428	FGA	2041-04-01
2041-07-13	tropics	17								0.00037248502	0.0021097132	7.204571e-05	0.0010269356	0.00013170774	0.0006297182	0.00020752153	FGA	2041-04-01
2041-07-14	tropics	17								0.0003666139	0.0020893288	7.048846e-05	0.0010158778	0.00012923437	0.00062014966	0.00020377694	FGA	2041-04-01
2041-07-15	tropics	17								0.00036083435	0.0020680595	6.8951675e-05	0.0010048859	0.00012680699	0.0006114433	0.00020019195	FGA	2041-04-01
2041-07-16	tropics	17								0.0003548662	0.002045866	6.744815e-05	0.0009913316	0.00012442475	0.0006030959	0.00019676682	FGA	2041-04-01
2041-07-17	tropics	17								0.00034896418	0.0020239104	6.5977154e-05	0.0009779526	0.00012208683	0.0005948607	0.00019342525	FGA	2041-04-01
2041-07-18	tropics	17								0.000343159	0.0020021899	6.4538e-05	0.00096475094	0.00011979239	0.0005867364	0.00019020986	FGA	2041-04-01
2041-07-19	tropics	17								0.00033744893	0.0019807026	6.313003e-05	0.000952929	0.00011754069	0.0005787216	0.00018704718	FGA	2041-04-01
2041-07-20	tropics	17								0.00033192628	0.0019594457	6.1752544e-05	0.0009414021	0.00011533091	0.0005703502	0.00018393638	FGA	2041-04-01
2041-07-21	tropics	17								0.00032664425	0.0019384176	6.0404913e-05	0.0009292658	0.0001131623	0.00056198717	0.00018087662	FGA	2041-04-01
2041-07-22	tropics	17								0.00032152503	0.0019176147	5.9086495e-05	0.0009171272	0.0001110341	0.0005537453	0.0001778671	FGA	2041-04-01
2041-07-23	tropics	17								0.00031656356	0.0018970356	5.779666e-05	0.0009051443	0.00010894558	0.0005456231	0.00017490698	FGA	2041-04-01
2041-07-24	tropics	17								0.00031166294	0.0018766776	5.6534795e-05	0.00089331565	0.000106896005	0.0005373337	0.00017199549	FGA	2041-04-01
2041-07-25	tropics	17								0.00030680385	0.0018565389	5.5300312e-05	0.0008816386	0.00010488468	0.00052909506	0.0001691319	FGA	2041-04-01
2041-07-26	tropics	17								0.00030223065	0.0018367034	5.4092605e-05	0.00086989533	0.00010291087	0.00052098115	0.00016631538	FGA	2041-04-01
2041-07-27	tropics	17								0.00029772465	0.0018173084	5.2911124e-05	0.00085819105	0.00010097391	0.0005132511	0.00016354522	FGA	2041-04-01
2041-07-28	tropics	17								0.00029328483	0.0017981185	5.1755283e-05	0.00084664236	9.9002966e-05	0.000506113	0.00016082067	FGA	2041-04-01
2041-07-29	tropics	17								0.00028891035	0.001779132	5.0624545e-05	0.00083524693	9.69485e-05	0.00049904623	0.00015814095	FGA	2041-04-01
2041-07-30	tropics	17								0.0002846002	0.0017603469	4.951837e-05	0.0008240031	9.493641e-05	0.0004914704	0.00015550539	FGA	2041-04-01
2041-07-31	tropics	17								0.00028030606	0.001741761	4.8436224e-05	0.0008129087	9.296583e-05	0.00048400866	0.00015291326	FGA	2041-04-01
2041-08-01	tropics	17								0.0002758447	0.0017233724	4.7377594e-05	0.00080294284	9.103589e-05	0.0004766594	0.00015036386	FGA	2041-04-01
2041-08-02	tropics	17								0.0002714537	0.0017051789	4.634198e-05	0.00079376495	8.914581e-05	0.00047005244	0.00014785652	FGA	2041-04-01
2041-08-03	tropics	17								0.00026713207	0.0016871785	4.532888e-05	0.00078355015	8.7294735e-05	0.00046363438	0.00014539057	FGA	2041-04-01
2041-08-04	tropics	17								0.00026287866	0.0016693696	4.4337816e-05	0.00077464984	8.5481886e-05	0.00045730293	0.00014296529	FGA	2041-04-01
2041-08-05	tropics	17								0.00025871696	0.0016517496	4.3368298e-05	0.00076593127	8.3706465e-05	0.00045105693	0.00014058007	FGA	2041-04-01
2041-08-06	tropics	17								0.00025490066	0.0016343171	4.2419877e-05	0.0007573084	8.202894e-05	0.00044489518	0.00013823426	FGA	2041-04-01
2041-08-07	tropics	17								0.00025114013	0.0016170697	4.149334e-05	0.0007487802	8.044587e-05	0.0004388168	0.00013592718	FGA	2041-04-01
2041-08-08	tropics	17								0.00024722237	0.0016000058	4.0604158e-05	0.00074028637	7.889315e-05	0.00043282035	0.00013365826	FGA	2041-04-01
2041-08-09	tropics	17								0.00024335552	0.0015831232	3.973398e-05	0.0007308736	7.7370205e-05	0.00042690506	0.00013142686	FGA	2041-04-01
2041-08-10	tropics	17								0.0002395485	0.0015664203	3.888239e-05	0.0007209333	7.5876495e-05	0.00042106977	0.00012923236	FGA	2041-04-01
2041-08-11	tropics	17								0.00023580049	0.0015491376	3.8048995e-05	0.0007111267	7.4411466e-05	0.00041531335	0.00012707416	FGA	2041-04-01
2041-08-12	tropics	17								0.00023211056	0.0015316026	3.723342e-05	0.00070145226	7.297454e-05	0.00040963484	0.00012495171	FGA	2041-04-01
2041-08-13	tropics	17								0.00022847782	0.0015142648	3.6435285e-05	0.0006919079	7.156521e-05	0.0004040332	0.0001228644	FGA	2041-04-01
2041-08-14	tropics	17								0.00022490139	0.0014971214	3.5652614e-05	0.0006824923	7.018295e-05	0.0003985073	0.000120811645	FGA	2041-04-01
2041-08-15	tropics	17								0.00022138044	0.001480171	3.488519e-05	0.0006732034	6.882724e-05	0.00039305634	0.0001187929	FGA	2041-04-01
2041-08-16	tropics	17								0.00021788635	0.0014634108	3.413425e-05	0.00066403986	6.7497574e-05	0.0003879045	0.000116799885	FGA	2041-04-01
2041-08-17	tropics	17								0.0002141564	0.0014468395	3.3399432e-05	0.0006549999	6.6193476e-05	0.00038288266	0.00011471171	FGA	2041-04-01
2041-08-18	tropics	17								0.000210453	0.0014304545	3.2680393e-05	0.000646082	6.491443e-05	0.00037792526	0.00011273632	FGA	2041-04-01
2041-08-19	tropics	17								0.00020681362	0.001414254	3.1976804e-05	0.00063723564	6.365999e-05	0.00037303142	0.00011079479	FGA	2041-04-01
2041-08-20	tropics	17								0.00020323714	0.0013982357	3.1290034e-05	0.00062835997	6.2429666e-05	0.00036820045	0.00010888657	FGA	2041-04-01
2041-08-21	tropics	17								0.0001997225	0.001382398	3.06306e-05	0.00061983464	6.1223014e-05	0.00036343135	0.00010701111	FGA	2041-04-01
2041-08-22	tropics	17								0.00019646224	0.0013667386	2.9985018e-05	0.00061164395	6.003957e-05	0.00035872357	0.00010516781	FGA	2041-04-01
2041-08-23	tropics	17								0.0001933382	0.0013512556	2.9352996e-05	0.00060356053	5.8878897e-05	0.00035407624	0.00010337816	FGA	2041-04-01
2041-08-24	tropics	17								0.0001902635	0.0013359471	2.8734252e-05	0.00059558306	5.7740563e-05	0.00034948858	0.000101667916	FGA	2041-04-01
2041-08-25	tropics	17								0.00018723737	0.0013208112	2.8128507e-05	0.00058799284	5.6624143e-05	0.0003448871	9.998581e-05	FGA	2041-04-01
2041-08-26	tropics	17								0.00018425903	0.0013058461	2.7535496e-05	0.00058054994	5.5529214e-05	0.00034026752	9.8331315e-05	FGA	2041-04-01
2041-08-27	tropics	17								0.00018132772	0.0012910495	2.6954945e-05	0.0005732002	5.4455366e-05	0.00033570966	9.670401e-05	FGA	2041-04-01
2041-08-28	tropics	17								0.00017844271	0.0012764203	2.6392678e-05	0.0005659426	5.3402196e-05	0.00033121265	9.510348e-05	FGA	2041-04-01
2041-08-29	tropics	17								0.00017560332	0.0012619563	2.5845842e-05	0.000558776	5.2369323e-05	0.0003267758	9.3529256e-05	FGA	2041-04-01
2041-08-30	tropics	17								0.00017280882	0.0012476551	2.5310308e-05	0.00055169925	5.1356343e-05	0.00032205053	9.198091e-05	FGA	2041-04-01
2041-08-31	tropics	17								0.00017005598	0.0012335158	2.4785842e-05	0.00054471125	5.036287e-05	0.0003173748	9.045804e-05	FGA	2041-04-01
2041-09-01	tropics	17								0.00016732585	0.0012195362	2.4272218e-05	0.000537811	4.9388556e-05	0.00031301065	8.896023e-05	FGA	2041-04-01
2041-09-02	tropics	17								0.00016463934	0.0012057144	2.3769213e-05	0.0005309973	4.843302e-05	0.00030891213	8.735588e-05	FGA	2041-04-01
2041-09-03	tropics	17								0.0001618989	0.0011920489	2.3276609e-05	0.0005242692	4.7495905e-05	0.00030486693	8.5739186e-05	FGA	2041-04-01
2041-09-04	tropics	17								0.00015918157	0.0011785377	2.2794196e-05	0.0005176256	4.6567064e-05	0.00030087438	8.415244e-05	FGA	2041-04-01
2041-09-05	tropics	17								0.00015650978	0.0011651793	2.2321756e-05	0.00051082345	4.5634177e-05	0.00029693375	8.26929e-05	FGA	2041-04-01
2041-09-06	tropics	17								0.00015388276	0.001151972	2.1859087e-05	0.00050472404	4.4719938e-05	0.0002930444	8.1290105e-05	FGA	2041-04-01
2041-09-07	tropics	17								0.00015129976	0.001138914	2.140599e-05	0.0004984784	4.383735e-05	0.00028920572	7.991115e-05	FGA	2041-04-01
2041-09-08	tropics	17								0.00014876004	0.0011260039	2.0962261e-05	0.0004923092	4.297227e-05	0.000285417	7.855563e-05	FGA	2041-04-01
2041-09-09	tropics	17								0.0001462629	0.0011132396	2.0527717e-05	0.00048621558	4.2124237e-05	0.00028167755	7.722312e-05	FGA	2041-04-01
2041-09-10	tropics	17								0.00014380764	0.0011006201	2.0102161e-05	0.0004806778	4.1292922e-05	0.0002779869	7.590542e-05	FGA	2041-04-01
2041-09-11	tropics	17								0.00014139354	0.0010881431	1.9672952e-05	0.00047581052	4.047799e-05	0.0002743443	7.452052e-05	FGA	2041-04-01
2041-09-12	tropics	17								0.00013901992	0.0010758077	1.9251178e-05	0.00047099203	3.9679126e-05	0.00027074912	7.316084e-05	FGA	2041-04-01
2041-09-13	tropics	17								0.00013668611	0.0010636117	1.8838431e-05	0.0004661421	3.889601e-05	0.00026720078	7.182589e-05	FGA	2041-04-01
2041-09-14	tropics	17								0.00013439142	0.0010515538	1.8434523e-05	0.00046092193	3.8128335e-05	0.0002636685	7.051526e-05	FGA	2041-04-01
2041-09-15	tropics	17								0.00013213525	0.0010396325	1.8039262e-05	0.00045575984	3.7375794e-05	0.00026017765	6.922892e-05	FGA	2041-04-01
2041-09-16	tropics	17								0.0001299169	0.0010278465	1.7652465e-05	0.00045065518	3.6638092e-05	0.0002567328	6.80111e-05	FGA	2041-04-01
2041-09-17	tropics	17								0.00012773577	0.0010161938	1.7273951e-05	0.00044560735	3.5914938e-05	0.00025333327	6.681508e-05	FGA	2041-04-01
2041-09-18	tropics	17								0.00012559124	0.0010046733	1.6903547e-05	0.00044061578	3.5206038e-05	0.0002499785	6.5640066e-05	FGA	2041-04-01
2041-09-19	tropics	17								0.00012345857	0.0009932831	1.6541071e-05	0.00043567969	3.4511122e-05	0.00024666794	6.448568e-05	FGA	2041-04-01
2041-09-20	tropics	17								0.00012139003	0.0009820221	1.6186365e-05	0.0004307987	3.3829914e-05	0.00024340095	6.333495e-05	FGA	2041-04-01
2041-09-21	tropics	17								0.00011935969	0.00097088877	1.5839252e-05	0.00042597207	3.316214e-05	0.00024017702	6.219858e-05	FGA	2041-04-01
2041-09-22	tropics	17								0.000117363255	0.00095988176	1.549958e-05	0.00042119913	3.2507538e-05	0.0002369956	6.108258e-05	FGA	2041-04-01
2041-09-23	tropics	17								0.000115400115	0.00094899954	1.5167181e-05	0.00041647945	3.1865846e-05	0.00023385607	5.998662e-05	FGA	2041-04-01
2041-09-24	tropics	17								0.00011346974	0.00093824085	1.4841906e-05	0.0004117088	3.123681e-05	0.00023073683	5.89103e-05	FGA	2041-04-01
2041-09-25	tropics	17								0.00011157157	0.00092760404	1.4523572e-05	0.00040694766	3.0620187e-05	0.00022757013	5.785329e-05	FGA	2041-04-01
2041-09-26	tropics	17								0.000109705084	0.0009170879	1.4211123e-05	0.00040224136	3.001573e-05	0.00022444682	5.679914e-05	FGA	2041-04-01
2041-09-27	tropics	17								0.00010786975	0.000906691	1.39053855e-05	0.0003975894	2.9423198e-05	0.00022136643	5.574538e-05	FGA	2041-04-01
2041-09-28	tropics	17								0.00010606506	0.00089641224	1.3606223e-05	0.0003929911	2.8837425e-05	0.00021822592	5.471118e-05	FGA	2041-04-01
2041-09-29	tropics	17								0.000104290506	0.0008862501	1.3313489e-05	0.00038844591	2.8220522e-05	0.00021500418	5.3732732e-05	FGA	2041-04-01
2041-09-30	tropics	17								0.000102545564	0.0008762032	1.302705e-05	0.00038371264	2.761683e-05	0.00021183002	5.2793082e-05	FGA	2041-04-01
2041-10-01	tropics	17								0.00010082976	0.0008662703	1.2746769e-05	0.0003785989	2.7061784e-05	0.00020870267	5.1811472e-05	FGA	2041-04-01
2041-10-02	tropics	17								9.913747e-05	0.0008564502	1.2472513e-05	0.0003735531	2.6567914e-05	0.00020562156	5.084808e-05	FGA	2041-04-01
2041-10-03	tropics	17								9.741885e-05	0.0008467416	1.2204154e-05	0.00036857455	2.6080508e-05	0.00020265515	4.9916165e-05	FGA	2041-04-01
2041-10-04	tropics	17								9.575827e-05	0.00083714316	1.19415645e-05	0.00036366214	2.5555426e-05	0.0002000566	4.901293e-05	FGA	2041-04-01
2041-10-05	tropics	17								9.413712e-05	0.00082765374	1.1684623e-05	0.00035881507	2.5040908e-05	0.00019749126	4.8126025e-05	FGA	2041-04-01
2041-10-06	tropics	17								9.254349e-05	0.00081827206	1.1433207e-05	0.0003540325	2.4536748e-05	0.00019495863	4.725515e-05	FGA	2041-04-01
2041-10-07	tropics	17								9.09769e-05	0.00080899685	1.1187196e-05	0.0003493136	2.4042733e-05	0.00019245836	4.640002e-05	FGA	2041-04-01
2041-10-08	tropics	17								8.943689e-05	0.00079982716	1.0946475e-05	0.00034465746	2.355866e-05	0.00018998998	4.5582892e-05	FGA	2041-04-01
2041-10-09	tropics	17								8.792302e-05	0.0007907615	1.0710933e-05	0.0003400633	2.3084323e-05	0.00018755312	4.4785174e-05	FGA	2041-04-01
2041-10-10	tropics	17								8.6434826e-05	0.00078179874	1.04804585e-05	0.00033553035	2.2619533e-05	0.00018514738	4.3998763e-05	FGA	2041-04-01
2041-10-11	tropics	17								8.497189e-05	0.0007729379	1.0254938e-05	0.00033105767	2.2164104e-05	0.00018277233	4.315951e-05	FGA	2041-04-01
2041-10-12	tropics	17								8.3533785e-05	0.0007641777	1.00342695e-05	0.00032664457	2.1717839e-05	0.00018042768	4.2336265e-05	FGA	2041-04-01
2041-10-13	tropics	17								8.212009e-05	0.00075551705	9.818348e-06	0.00032229023	2.1280552e-05	0.00017811295	4.1528696e-05	FGA	2041-04-01
2041-10-14	tropics	17								8.073036e-05	0.0007469547	9.607071e-06	0.00031791817	2.0854339e-05	0.0001758278	4.0743595e-05	FGA	2041-04-01
2041-10-15	tropics	17								7.936422e-05	0.0007384896	9.400338e-06	0.00031360134	2.044085e-05	0.00017357184	3.99848e-05	FGA	2041-04-01
2041-10-16	tropics	17								7.802998e-05	0.00073012087	9.198054e-06	0.00030934287	2.0035555e-05	0.00017134473	3.924012e-05	FGA	2041-04-01
2041-10-17	tropics	17								7.678014e-05	0.0007218471	9.00012e-06	0.00030514208	1.9638292e-05	0.0001691271	3.8509294e-05	FGA	2041-04-01
2041-10-18	tropics	17								7.555027e-05	0.00071366737	8.806446e-06	0.00030099807	1.9248897e-05	0.00016693064	3.7792073e-05	FGA	2041-04-01
2041-10-19	tropics	17								7.434006e-05	0.00070558063	8.6169375e-06	0.00029691018	1.886722e-05	0.00016476263	3.7088197e-05	FGA	2041-04-01
2041-10-20	tropics	17								7.3149204e-05	0.00069758575	8.431507e-06	0.00029287767	1.8493107e-05	0.0001626088	3.6397425e-05	FGA	2041-04-01
2041-10-21	tropics	17								7.197738e-05	0.00068968174	8.250065e-06	0.00028889976	1.8126404e-05	0.0001604048	3.57195e-05	FGA	2041-04-01
2041-10-22	tropics	17								7.081784e-05	0.00068186765	8.0725285e-06	0.0002849757	1.776697e-05	0.00015823063	3.5054196e-05	FGA	2041-04-01
2041-10-23	tropics	17								6.964421e-05	0.00067414227	7.898811e-06	0.0002811048	1.7414657e-05	0.00015608584	3.4401273e-05	FGA	2041-04-01
2041-10-24	tropics	17								6.849001e-05	0.00066650484	7.7288305e-06	0.00027728622	1.706933e-05	0.00015397	3.3760512e-05	FGA	2041-04-01
2041-10-25	tropics	17								6.735491e-05	0.000658954	7.56251e-06	0.00027351946	1.6730844e-05	0.00015186594	3.313167e-05	FGA	2041-04-01
2041-10-26	tropics	17								6.623859e-05	0.00065159	7.3997667e-06	0.0002698351	1.6399068e-05	0.00014978765	3.2514534e-05	FGA	2041-04-01
2041-10-27	tropics	17								6.514073e-05	0.000644745	7.242723e-06	0.00026662368	1.6073862e-05	0.00014773771	3.1908887e-05	FGA	2041-04-01
2041-10-28	tropics	17								6.406107e-05	0.0006379715	7.0945653e-06	0.00026345038	1.5755106e-05	0.00014571575	3.131452e-05	FGA	2041-04-01
2041-10-29	tropics	17								6.299926e-05	0.0006312688	6.949436e-06	0.00026031473	1.5442669e-05	0.00014372135	3.073121e-05	FGA	2041-04-01
2041-10-30	tropics	17								6.195503e-05	0.000624636	6.807274e-06	0.0002572163	1.5136425e-05	0.0001417542	3.0158764e-05	FGA	2041-04-01
2041-10-31	tropics	17								6.0928083e-05	0.0006180727	6.66802e-06	0.0002541547	1.4836248e-05	0.00013981387	2.9596975e-05	FGA	2041-04-01
2041-11-01	tropics	17								5.991815e-05	0.00061157794	6.531614e-06	0.00025112942	1.4542024e-05	0.0001379	2.9045641e-05	FGA	2041-04-01
2041-11-02	tropics	17								5.8924932e-05	0.0006051511	6.3979965e-06	0.00024813996	1.4253631e-05	0.00013598349	2.8504579e-05	FGA	2041-04-01
2041-11-03	tropics	17								5.794815e-05	0.0005987914	6.2671124e-06	0.0002451861	1.3970957e-05	0.00013408912	2.7973583e-05	FGA	2041-04-01
2041-11-04	tropics	17								5.6987545e-05	0.0005924982	6.138903e-06	0.00024226726	1.3693886e-05	0.00013222106	2.745248e-05	FGA	2041-04-01
2041-11-05	tropics	17								5.6042845e-05	0.0005862709	6.013317e-06	0.00023938311	1.3429839e-05	0.00013037898	2.6941078e-05	FGA	2041-04-01
2041-11-06	tropics	17								5.5113793e-05	0.00058010867	5.8902992e-06	0.0002365332	1.3171738e-05	0.00012856246	2.6442809e-05	FGA	2041-04-01
2041-11-07	tropics	17								5.4200125e-05	0.0005740109	5.769796e-06	0.00023371718	1.2905751e-05	0.00012677122	2.5963795e-05	FGA	2041-04-01
2041-11-08	tropics	17								5.330159e-05	0.00056797697	5.651759e-06	0.00023087191	1.2645131e-05	0.00012500485	2.5493453e-05	FGA	2041-04-01
2041-11-09	tropics	17								5.2417927e-05	0.00056200626	5.5361347e-06	0.00022773915	1.2389771e-05	0.00012326302	2.5031632e-05	FGA	2041-04-01
2041-11-10	tropics	17								5.154891e-05	0.00055609795	5.422876e-06	0.00022464881	1.2139564e-05	0.0001215454	2.4578181e-05	FGA	2041-04-01
2041-11-11	tropics	17								5.0694274e-05	0.00055025145	5.311934e-06	0.00022160045	1.1894407e-05	0.00011985166	2.4132942e-05	FGA	2041-04-01
2041-11-12	tropics	17								4.98538e-05	0.0005444662	5.20326e-06	0.0002185934	1.1654295e-05	0.00011818146	2.3695766e-05	FGA	2041-04-01
2041-11-13	tropics	17								4.902725e-05	0.00053874153	5.0968097e-06	0.00021562717	1.1421304e-05	0.00011653448	2.3266512e-05	FGA	2041-04-01
2041-11-14	tropics	17								4.821438e-05	0.00053307676	4.992536e-06	0.00021270114	1.11929685e-05	0.00011491041	2.2845032e-05	FGA	2041-04-01
2041-11-15	tropics	17								4.7414986e-05	0.00052747136	4.8903958e-06	0.00020981481	1.0969193e-05	0.000113308895	2.243119e-05	FGA	2041-04-01
2041-11-16	tropics	17								4.6628833e-05	0.0005219247	4.7903445e-06	0.00020725417	1.0749892e-05	0.00011172967	2.2024844e-05	FGA	2041-04-01
2041-11-17	tropics	17								4.5855704e-05	0.0005164361	4.69234e-06	0.00020476012	1.053497e-05	0.00011017239	2.162586e-05	FGA	2041-04-01
2041-11-18	tropics	17								4.509538e-05	0.00051100494	4.5963397e-06	0.00020229595	1.0324345e-05	0.000108636785	2.1234104e-05	FGA	2041-04-01
2041-11-19	tropics	17								4.434765e-05	0.00050563074	4.502303e-06	0.00019986132	1.0117927e-05	0.000107122534	2.0849444e-05	FGA	2041-04-01
2041-11-20	tropics	17								4.3612315e-05	0.00050031283	4.4101903e-06	0.0001974559	9.915633e-06	0.000105629326	2.0471754e-05	FGA	2041-04-01
2041-11-21	tropics	17								4.288916e-05	0.0004950507	4.3199616e-06	0.00019507934	9.717382e-06	0.000104156905	2.0100906e-05	FGA	2041-04-01
2041-11-22	tropics	17								4.217799e-05	0.00048984366	4.229366e-06	0.00019273127	9.5230935e-06	0.00010270496	1.973678e-05	FGA	2041-04-01
2041-11-23	tropics	17								4.1478605e-05	0.00048469123	4.1399803e-06	0.00019041139	9.332687e-06	0.000101273225	1.937925e-05	FGA	2041-04-01
2041-11-24	tropics	17								4.079081e-05	0.00047959274	4.0524887e-06	0.00018811933	9.146086e-06	9.98614e-05	1.9034214e-05	FGA	2041-04-01
2041-11-25	tropics	17								4.0114406e-05	0.00047454776	3.9668485e-06	0.00018585476	8.963217e-06	9.846921e-05	1.8700652e-05	FGA	2041-04-01
2041-11-26	tropics	17								3.944921e-05	0.00046955567	3.883022e-06	0.00018361738	8.783998e-06	9.709639e-05	1.8372935e-05	FGA	2041-04-01
2041-11-27	tropics	17								3.8795042e-05	0.00046461594	3.8009707e-06	0.00018140682	8.608365e-06	9.574268e-05	1.805096e-05	FGA	2041-04-01
2041-11-28	tropics	17								3.8151717e-05	0.000459728	3.7206569e-06	0.00017922283	8.43624e-06	9.440782e-05	1.773463e-05	FGA	2041-04-01
2041-11-29	tropics	17								3.7519054e-05	0.0004548913	3.6420424e-06	0.00017706503	8.267555e-06	9.309153e-05	1.7423841e-05	FGA	2041-04-01
2041-11-30	tropics	17								3.6896872e-05	0.00045010538	3.5650937e-06	0.00017493311	8.102242e-06	9.179355e-05	1.7118502e-05	FGA	2041-04-01
2041-12-01	tropics	17								3.6285004e-05	0.00044536957	3.4897735e-06	0.00017282684	7.9402325e-06	9.050969e-05	1.6818518e-05	FGA	2041-04-01
2041-12-02	tropics	17								3.5696736e-05	0.0004406835	3.4160478e-06	0.00017074581	7.781462e-06	8.923283e-05	1.6506649e-05	FGA	2041-04-01
2041-12-03	tropics	17								3.5118057e-05	0.00043604657	3.3437486e-06	0.00016868982	7.6258657e-06	8.797397e-05	1.619591e-05	FGA	2041-04-01
2041-12-04	tropics	17								3.454875e-05	0.0004314583	3.2727587e-06	0.00016665849	7.4733766e-06	8.673286e-05	1.5891022e-05	FGA	2041-04-01
2041-12-05	tropics	17								3.3988665e-05	0.00042691815	3.2032801e-06	0.00016465153	7.3239385e-06	8.550924e-05	1.5591868e-05	FGA	2041-04-01
2041-12-06	tropics	17								3.343765e-05	0.00042242568	3.1352783e-06	0.00016266872	7.1774866e-06	8.4302854e-05	1.5298345e-05	FGA	2041-04-01
2041-12-07	tropics	17								3.2895558e-05	0.00041798037	3.0687236e-06	0.00016070968	7.0339615e-06	8.3113475e-05	1.5010348e-05	FGA	2041-04-01
2041-12-08	tropics	17								3.236225e-05	0.00041358167	3.0035844e-06	0.00015877417	6.893306e-06	8.194085e-05	1.4727768e-05	FGA	2041-04-01
2041-12-09	tropics	17								3.183758e-05	0.00040922916	2.939831e-06	0.00015686192	6.7554615e-06	8.0807324e-05	1.4450507e-05	FGA	2041-04-01
2041-12-10	tropics	17								3.1321404e-05	0.00040492226	2.877433e-06	0.00015497267	6.6203725e-06	7.9761136e-05	1.4178464e-05	FGA	2041-04-01
2041-12-11	tropics	17								3.0813593e-05	0.00040066068	2.8163631e-06	0.00015310608	6.4879846e-06	7.872386e-05	1.3911542e-05	FGA	2041-04-01
2041-12-12	tropics	17								3.0314004e-05	0.00039644382	2.7565916e-06	0.00015126196	6.358243e-06	7.765643e-05	1.3649643e-05	FGA	2041-04-01
2041-12-13	tropics	17								2.9822506e-05	0.00039227118	2.6980915e-06	0.00014943998	6.2310946e-06	7.6603465e-05	1.3392672e-05	FGA	2041-04-01
2041-12-14	tropics	17								2.9338975e-05	0.0003881424	2.6408354e-06	0.00014763989	6.106489e-06	7.556478e-05	1.314054e-05	FGA	2041-04-01
2041-12-15	tropics	17								2.8863276e-05	0.0003840569	2.5847964e-06	0.00014586143	5.984373e-06	7.454016e-05	1.2893152e-05	FGA	2041-04-01
2041-12-16	tropics	17								2.8395283e-05	0.0003800144	2.5299498e-06	0.00014410436	5.864699e-06	7.352946e-05	1.2650421e-05	FGA	2041-04-01
2041-12-17	tropics	17								2.793487e-05	0.00037601427	2.4762687e-06	0.00014236837	5.7474176e-06	7.253245e-05	1.2412258e-05	FGA	2041-04-01
2041-12-18	tropics	17								2.7481918e-05	0.0003720562	2.4237302e-06	0.0001406533	5.632482e-06	7.154895e-05	1.2179178e-05	FGA	2041-04-01
2041-12-19	tropics	17								2.7036307e-05	0.00036813968	2.3723078e-06	0.00013895883	5.5198425e-06	7.05788e-05	1.1953236e-05	FGA	2041-04-01
2041-12-20	tropics	17								2.6597912e-05	0.0003642643	2.3219793e-06	0.00013728472	5.4094553e-06	6.96218e-05	1.1731484e-05	FGA	2041-04-01
2041-12-21	tropics	17								2.616662e-05	0.0003604297	2.2727204e-06	0.00013563075	5.301275e-06	6.866001e-05	1.1513846e-05	FGA	2041-04-01
2041-12-22	tropics	17								2.574232e-05	0.0003566352	2.224509e-06	0.00013399665	5.195258e-06	6.7699955e-05	1.1304984e-05	FGA	2041-04-01
2041-12-23	tropics	17								2.532489e-05	0.0003528807	2.177323e-06	0.00013238222	5.0913604e-06	6.675332e-05	1.1109019e-05	FGA	2041-04-01
2041-12-24	tropics	17								2.4914229e-05	0.00034916564	2.1311396e-06	0.00013078717	4.98954e-06	6.581989e-05	1.0920074e-05	FGA	2041-04-01
2041-12-25	tropics	17								2.4510216e-05	0.00034548956	2.0859181e-06	0.00012921133	4.8897555e-06	6.489949e-05	1.0734346e-05	FGA	2041-04-01
2041-12-26	tropics	17								2.4112758e-05	0.00034185217	2.04095e-06	0.00012765444	4.791966e-06	6.3991945e-05	1.05517865e-05	FGA	2041-04-01
2041-12-27	tropics	17								2.3721737e-05	0.00033825298	1.9969518e-06	0.00012611625	4.696132e-06	6.309709e-05	1.0372334e-05	FGA	2041-04-01
2041-12-28	tropics	17								2.3337054e-05	0.00033469163	1.953903e-06	0.00012459657	4.6022133e-06	6.2214734e-05	1.019594e-05	FGA	2041-04-01
2041-12-29	tropics	17								2.2958602e-05	0.00033116768	1.9117826e-06	0.0001230952	4.5101733e-06	6.134468e-05	1.0022552e-05	FGA	2041-04-01
2041-12-30	tropics	17								2.2586288e-05	0.00032768075	1.8705714e-06	0.00012161186	4.4199724e-06	6.0486804e-05	9.852118e-06	FGA	2041-04-01
2041-12-31	tropics	17								2.2220003e-05	0.00032423047	1.8302492e-06	0.00012014636	4.3315763e-06	5.96409e-05	9.684589e-06	FGA	2041-04-01
2042-01-01	tropics	17								2.1859658e-05	0.00032081644	1.790797e-06	0.000118698495	4.244948e-06	5.8806818e-05	9.519912e-06	FGA	2041-04-01
2042-01-02	tropics	17								2.150515e-05	0.00031743833	1.7521959e-06	0.00011726805	4.16005e-06	5.7984387e-05	9.358042e-06	FGA	2041-04-01
2042-01-03	tropics	17								2.115639e-05	0.00031409573	1.7144273e-06	0.00011585482	4.0768514e-06	5.717344e-05	9.199478e-06	FGA	2041-04-01
2042-01-04	tropics	17								2.0813282e-05	0.00031078828	1.6774738e-06	0.00011445858	3.9953156e-06	5.637383e-05	9.044293e-06	FGA	2041-04-01
2042-01-05	tropics	17								2.0475734e-05	0.00030751558	1.6413176e-06	0.00011307917	3.9154106e-06	5.5572502e-05	8.891728e-06	FGA	2041-04-01
2042-01-06	tropics	17								2.014366e-05	0.0003042773	1.6059411e-06	0.000111716334	3.837103e-06	5.4778116e-05	8.74174e-06	FGA	2041-04-01
2042-01-07	tropics	17								1.981697e-05	0.00030107304	1.571328e-06	0.000110369896	3.7603609e-06	5.3995107e-05	8.594282e-06	FGA	2041-04-01
2042-01-08	tropics	17								1.9495568e-05	0.00029790247	1.5374613e-06	0.00010903967	3.6851538e-06	5.3185642e-05	8.449315e-06	FGA	2041-04-01
2042-01-09	tropics	17								1.917938e-05	0.00029476522	1.5043253e-06	0.00010772546	3.61145e-06	5.2380685e-05	8.3067935e-06	FGA	2041-04-01
2042-01-10	tropics	17								1.8868319e-05	0.000291661	1.471904e-06	0.00010642704	3.5392209e-06	5.1587922e-05	8.166679e-06	FGA	2041-04-01
2042-01-11	tropics	17								1.85623e-05	0.0002885894	1.4401822e-06	0.000105144296	3.4684354e-06	5.0807183e-05	8.02893e-06	FGA	2041-04-01
2042-01-12	tropics	17								1.8261242e-05	0.0002855501	1.4091446e-06	0.00010387695	3.3990661e-06	5.0038278e-05	7.893506e-06	FGA	2041-04-01
2042-01-13	tropics	17								1.7965063e-05	0.0002825428	1.3787765e-06	0.00010262488	3.3310835e-06	4.9281032e-05	7.760367e-06	FGA	2041-04-01
2042-01-14	tropics	17								1.7673687e-05	0.0002795671	1.3490635e-06	0.00010138786	3.2644607e-06	4.853526e-05	7.629477e-06	FGA	2041-04-01
2042-01-15	tropics	17								1.7387032e-05	0.00027662268	1.3199915e-06	0.00010016574	3.19917e-06	4.7800797e-05	7.5007974e-06	FGA	2041-04-01
2042-01-16	tropics	17								1.7105023e-05	0.00027370924	1.2915463e-06	9.895833e-05	3.1351842e-06	4.7072488e-05	7.3742876e-06	FGA	2041-04-01
2042-01-17	tropics	17								1.6827591e-05	0.00027082642	1.2637146e-06	9.776547e-05	3.0724789e-06	4.6399222e-05	7.2499142e-06	FGA	2041-04-01
2042-01-18	tropics	17								1.6554653e-05	0.00026797398	1.2364835e-06	9.658696e-05	3.0110268e-06	4.5739027e-05	7.125498e-06	FGA	2041-04-01
2042-01-19	tropics	17								1.6286143e-05	0.00026515147	1.2098395e-06	9.5422634e-05	2.950804e-06	4.508821e-05	6.9969064e-06	FGA	2041-04-01
2042-01-20	tropics	17								1.6021984e-05	0.0002623587	1.1837701e-06	9.4272335e-05	2.8917857e-06	4.444665e-05	6.870635e-06	FGA	2041-04-01
2042-01-21	tropics	17								1.5762107e-05	0.0002595953	1.1582633e-06	9.313589e-05	2.8339477e-06	4.3814216e-05	6.7466426e-06	FGA	2041-04-01
2042-01-22	tropics	17								1.5506444e-05	0.000256861	1.1333063e-06	9.201311e-05	2.777266e-06	4.319078e-05	6.624886e-06	FGA	2041-04-01
2042-01-23	tropics	17								1.5254927e-05	0.0002541554	1.1088878e-06	9.0958616e-05	2.721718e-06	4.2576205e-05	6.5053264e-06	FGA	2041-04-01
2042-01-24	tropics	17								1.500749e-05	0.0002514783	1.0849958e-06	8.9921814e-05	2.667281e-06	4.197038e-05	6.3879243e-06	FGA	2041-04-01
2042-01-25	tropics	17								1.4764062e-05	0.00024882937	1.061619e-06	8.889682e-05	2.6139326e-06	4.137316e-05	6.27264e-06	FGA	2041-04-01
2042-01-26	tropics	17								1.4524583e-05	0.00024620828	1.0387463e-06	8.788352e-05	2.5616507e-06	4.078444e-05	6.1594355e-06	FGA	2041-04-01
2042-01-27	tropics	17								1.4288986e-05	0.00024361482	1.0163669e-06	8.688173e-05	2.510415e-06	4.020409e-05	6.0482744e-06	FGA	2041-04-01
2042-01-28	tropics	17								1.405721e-05	0.00024104859	9.944702e-07	8.589137e-05	2.4602034e-06	3.9632e-05	5.9391186e-06	FGA	2041-04-01
2042-01-29	tropics	17								1.3828127e-05	0.00023850943	9.73005e-07	8.491228e-05	2.4109959e-06	3.906804e-05	5.8319315e-06	FGA	2041-04-01
2042-01-30	tropics	17								1.3601004e-05	0.00023599695	9.518807e-07	8.394435e-05	2.3627729e-06	3.8512106e-05	5.72668e-06	FGA	2041-04-01
2042-01-31	tropics	17								1.3377612e-05	0.00023351089	9.3078586e-07	8.2987455e-05	2.3155142e-06	3.796408e-05	5.623327e-06	FGA	2041-04-01
2042-02-01	tropics	17								1.3157889e-05	0.00023105102	9.1011395e-07	8.204146e-05	2.2692009e-06	3.7423855e-05	5.521839e-06	FGA	2041-04-01
2042-02-02	tropics	17								1.2941775e-05	0.00022861702	8.89901e-07	8.110622e-05	2.2238132e-06	3.6891302e-05	5.422182e-06	FGA	2041-04-01
2042-02-03	tropics	17								1.2729213e-05	0.00022620863	8.701369e-07	8.018165e-05	2.179334e-06	3.6366328e-05	5.324323e-06	FGA	2041-04-01
2042-02-04	tropics	17								1.252014e-05	0.00022382558	8.508117e-07	7.92676e-05	2.135744e-06	3.5848825e-05	5.22823e-06	FGA	2041-04-01
2042-02-05	tropics	17								1.2314502e-05	0.00022146765	8.3191577e-07	7.836399e-05	2.0930254e-06	3.5338682e-05	5.133871e-06	FGA	2041-04-01
2042-02-06	tropics	17								1.2112239e-05	0.0002191345	8.134392e-07	7.7470664e-05	2.0511616e-06	3.4835797e-05	5.041532e-06	FGA	2041-04-01
2042-02-07	tropics	17								1.1913302e-05	0.00021682592	7.953732e-07	7.658751e-05	2.0101347e-06	3.434006e-05	4.951177e-06	FGA	2041-04-01
2042-02-08	tropics	17								1.1717631e-05	0.00021454164	7.7770824e-07	7.57144e-05	1.969929e-06	3.3851386e-05	4.8624406e-06	FGA	2041-04-01
2042-02-09	tropics	17								1.1525172e-05	0.0002122814	7.6043557e-07	7.485126e-05	1.9305269e-06	3.3369655e-05	4.7752956e-06	FGA	2041-04-01
2042-02-10	tropics	17								1.13358765e-05	0.00021004493	7.435465e-07	7.3997944e-05	1.8919127e-06	3.2894783e-05	4.689712e-06	FGA	2041-04-01
2042-02-11	tropics	17								1.1149689e-05	0.00020783204	7.270325e-07	7.315438e-05	1.8540713e-06	3.242666e-05	4.605663e-06	FGA	2041-04-01
2042-02-12	tropics	17								1.096656e-05	0.00020564243	7.1088516e-07	7.23204e-05	1.8169859e-06	3.1965203e-05	4.52312e-06	FGA	2041-04-01
2042-02-13	tropics	17								1.078644e-05	0.00020347585	6.9509645e-07	7.1495924e-05	1.7806428e-06	3.15103e-05	4.4398985e-06	FGA	2041-04-01
2042-02-14	tropics	17								1.0611659e-05	0.0002013321	6.7965846e-07	7.068086e-05	1.7450266e-06	3.1070056e-05	4.3576792e-06	FGA	2041-04-01
2042-02-15	tropics	17								1.0446682e-05	0.00019921092	6.645633e-07	6.987505e-05	1.710123e-06	3.065404e-05	4.276985e-06	FGA	2041-04-01
2042-02-16	tropics	17								1.0284273e-05	0.00019711205	6.498032e-07	6.9075e-05	1.6759169e-06	3.0243602e-05	4.197786e-06	FGA	2041-04-01
2042-02-17	tropics	17								1.0124391e-05	0.00019503527	6.3537107e-07	6.827981e-05	1.642395e-06	2.9838668e-05	4.120055e-06	FGA	2041-04-01
2042-02-18	tropics	17								9.967e-06	0.00019298038	6.212593e-07	6.749376e-05	1.6095438e-06	2.9439163e-05	4.043766e-06	FGA	2041-04-01
2042-02-19	tropics	17								9.809317e-06	0.0001909471	6.0746106e-07	6.6716784e-05	1.57735e-06	2.9045008e-05	3.96889e-06	FGA	2041-04-01
2042-02-20	tropics	17								9.650186e-06	0.00018893526	5.9396916e-07	6.594876e-05	1.5457995e-06	2.865614e-05	3.895402e-06	FGA	2041-04-01
2042-02-21	tropics	17								9.493634e-06	0.00018694457	5.8077694e-07	6.518959e-05	1.5148803e-06	2.8272485e-05	3.8232765e-06	FGA	2041-04-01
2042-02-22	tropics	17								9.339623e-06	0.00018497482	5.6787775e-07	6.4439155e-05	1.4845792e-06	2.7893977e-05	3.752488e-06	FGA	2041-04-01
2042-02-23	tropics	17								9.188108e-06	0.00018302584	5.5526493e-07	6.369738e-05	1.4548843e-06	2.7506136e-05	3.6830115e-06	FGA	2041-04-01
2042-02-24	tropics	17								9.039052e-06	0.00018109736	5.4293224e-07	6.2964136e-05	1.4257835e-06	2.712055e-05	3.6148226e-06	FGA	2041-04-01
2042-02-25	tropics	17								8.892414e-06	0.00017918923	5.309236e-07	6.223936e-05	1.3972647e-06	2.6740376e-05	3.547898e-06	FGA	2041-04-01
2042-02-26	tropics	17								8.748153e-06	0.00017730118	5.1930493e-07	6.152293e-05	1.369316e-06	2.6365537e-05	3.4822133e-06	FGA	2041-04-01
2042-02-27	tropics	17								8.606234e-06	0.00017543296	5.0794046e-07	6.0814753e-05	1.3419265e-06	2.599596e-05	3.4177463e-06	FGA	2041-04-01
2042-02-28	tropics	17								8.4666135e-06	0.00017358446	4.968247e-07	6.0114726e-05	1.315085e-06	2.5631562e-05	3.3544738e-06	FGA	2041-04-01
2042-03-01	tropics	17								8.329262e-06	0.0001717554	4.8595234e-07	5.942278e-05	1.2887801e-06	2.5272282e-05	3.2923742e-06	FGA	2041-04-01
2042-03-02	tropics	17								8.194134e-06	0.0001699456	4.7531776e-07	5.873879e-05	1.2630015e-06	2.4918047e-05	3.2314251e-06	FGA	2041-04-01
2042-03-03	tropics	17								8.061201e-06	0.00016815487	4.6491604e-07	5.8062702e-05	1.2377384e-06	2.456878e-05	3.171606e-06	FGA	2041-04-01
2042-03-04	tropics	17								7.930422e-06	0.000166383	4.5474184e-07	5.73944e-05	1.2129807e-06	2.422441e-05	3.1128955e-06	FGA	2041-04-01
2042-03-05	tropics	17								7.801765e-06	0.00016462978	4.4479043e-07	5.6733785e-05	1.1887182e-06	2.3884879e-05	3.0552728e-06	FGA	2041-04-01
2042-03-06	tropics	17								7.672812e-06	0.00016289503	4.350568e-07	5.608079e-05	1.1649407e-06	2.3550108e-05	3.0009458e-06	FGA	2041-04-01
2042-03-07	tropics	17								7.544152e-06	0.00016117856	4.2553614e-07	5.5435325e-05	1.1416391e-06	2.3220033e-05	2.9476987e-06	FGA	2041-04-01
2042-03-08	tropics	17								7.419241e-06	0.00015948013	4.162238e-07	5.4797292e-05	1.1188035e-06	2.2894588e-05	2.8953982e-06	FGA	2041-04-01
2042-03-09	tropics	17								7.300168e-06	0.0001577996	4.0711535e-07	5.415492e-05	1.0964244e-06	2.2573917e-05	2.8440263e-06	FGA	2041-04-01
2042-03-10	tropics	17								7.183008e-06	0.00015613678	3.9820628e-07	5.346851e-05	1.0744934e-06	2.227059e-05	2.7935673e-06	FGA	2041-04-01
2042-03-11	tropics	17								7.0677274e-06	0.00015449146	3.894921e-07	5.279082e-05	1.0530007e-06	2.1971337e-05	2.7440035e-06	FGA	2041-04-01
2042-03-12	tropics	17								6.954297e-06	0.00015286347	3.8096866e-07	5.2121708e-05	1.031938e-06	2.1676105e-05	2.6953217e-06	FGA	2041-04-01
2042-03-13	tropics	17								6.842688e-06	0.00015125267	3.7263175e-07	5.1461095e-05	1.0112967e-06	2.138484e-05	2.6475036e-06	FGA	2041-04-01
2042-03-14	tropics	17								6.732869e-06	0.00014965876	3.644773e-07	5.0808856e-05	9.91068e-07	2.109749e-05	2.6005355e-06	FGA	2041-04-01
2042-03-15	tropics	17								6.6245666e-06	0.00014808167	3.5650132e-07	5.0164897e-05	9.71244e-07	2.0814e-05	2.5544014e-06	FGA	2041-04-01
2042-03-16	tropics	17								6.5170916e-06	0.00014652121	3.486999e-07	4.9529102e-05	9.5181656e-07	2.053249e-05	2.5090872e-06	FGA	2041-04-01
2042-03-17	tropics	17								6.41136e-06	0.0001449772	3.410692e-07	4.8901376e-05	9.327779e-07	2.0252377e-05	2.4647024e-06	FGA	2041-04-01
2042-03-18	tropics	17								6.307344e-06	0.0001434494	3.3360553e-07	4.828161e-05	9.141198e-07	1.9976083e-05	2.4223723e-06	FGA	2041-04-01
2042-03-19	tropics	17								6.205015e-06	0.00014193771	3.2630518e-07	4.7669702e-05	8.9583494e-07	1.9703557e-05	2.3807693e-06	FGA	2041-04-01
2042-03-20	tropics	17								6.1043456e-06	0.00014044197	3.1916457e-07	4.7065558e-05	8.7791585e-07	1.9434752e-05	2.3398811e-06	FGA	2041-04-01
2042-03-21	tropics	17								6.0053094e-06	0.00013896196	3.1218028e-07	4.646908e-05	8.60355e-07	1.916961e-05	2.2996953e-06	FGA	2041-04-01
2042-03-22	tropics	17								5.90788e-06	0.00013749755	3.0534886e-07	4.5880162e-05	8.431457e-07	1.8908087e-05	2.2601998e-06	FGA	2041-04-01
2042-03-23	tropics	17								5.8120313e-06	0.00013604853	2.9870583e-07	4.529872e-05	8.262805e-07	1.8647963e-05	2.2213826e-06	FGA	2041-04-01
2042-03-24	tropics	17								5.7177376e-06	0.0001346148	2.922394e-07	4.472465e-05	8.097527e-07	1.8389277e-05	2.1832323e-06	FGA	2041-04-01
2042-03-25	tropics	17								5.624972e-06	0.0001331962	2.8591307e-07	4.4157863e-05	7.9355533e-07	1.8134184e-05	2.1457372e-06	FGA	2041-04-01
2042-03-26	tropics	17								5.5337127e-06	0.0001317925	2.7972376e-07	4.3598266e-05	7.776821e-07	1.7882638e-05	2.1088863e-06	FGA	2041-04-01
2042-03-27	tropics	17								5.4439333e-06	0.00013040361	2.7366852e-07	4.3045762e-05	7.621262e-07	1.7634582e-05	2.0726684e-06	FGA	2041-04-01
2042-03-28	tropics	17								5.3556105e-06	0.00012902934	2.6774444e-07	4.249446e-05	7.468816e-07	1.7389972e-05	2.0361072e-06	FGA	2041-04-01
2042-03-29	tropics	17								5.26872e-06	0.00012766957	2.6194866e-07	4.194995e-05	7.3194184e-07	1.7148759e-05	2.0000007e-06	FGA	2041-04-01
2042-03-30	tropics	17								5.1832403e-06	0.0001263241	2.5627838e-07	4.141242e-05	7.1730085e-07	1.6910897e-05	1.9645352e-06	FGA	2041-04-01
2042-03-31	tropics	17								5.0991466e-06	0.0001249928	2.5073095e-07	4.0881783e-05	7.0295295e-07	1.6676338e-05	1.9296995e-06	FGA	2041-04-01
2042-04-01	tropics	17								5.0164167e-06	0.00012367553	2.4530365e-07	4.035794e-05	6.888919e-07	1.644504e-05	1.8954821e-06	FGA	2041-04-01
2041-04-01	tropics	28								0.00045643243	0.002288547	0.0001248593	0.0012375114	0.00018524735	0.0007935413	0.00028517013	FGA	2041-04-01
2041-04-02	tropics	28								0.00044970738	0.0022664426	0.00012260416	0.0012194925	0.00018185067	0.000783234	0.00028065272	FGA	2041-04-01
2041-04-03	tropics	28								0.00044307264	0.0022444967	0.000120653545	0.0012017103	0.00017888178	0.0007730457	0.00027625202	FGA	2041-04-01
2041-04-04	tropics	28								0.00043652728	0.0022227135	0.00011876917	0.0011841616	0.0001759952	0.0007629716	0.0002716164	FGA	2041-04-01
2041-04-05	tropics	28								0.0004300702	0.0022010948	0.00011673553	0.0011668443	0.00017315146	0.0007530097	0.00026696583	FGA	2041-04-01
2041-04-06	tropics	28								0.00042370078	0.0021796369	0.00011464092	0.0011497565	0.00017035044	0.0007425286	0.00026299234	FGA	2041-04-01
2041-04-07	tropics	28								0.0004174179	0.0021583403	0.00011258193	0.0011328959	0.0001675916	0.0007306348	0.00025857607	FGA	2041-04-01
2041-04-08	tropics	28								0.0004112206	0.0021372067	0.00011044969	0.0011162603	0.0001648742	0.00072011707	0.00025430258	FGA	2041-04-01
2041-04-09	tropics	28								0.000405108	0.0021162364	0.000108025	0.001099847	0.00016220773	0.00071030617	0.00025038028	FGA	2041-04-01
2041-04-10	tropics	28								0.0003990793	0.0020954283	0.00010565201	0.0010836544	0.00015956187	0.0007003079	0.0002465861	FGA	2041-04-01
2041-04-11	tropics	28								0.000392881	0.0020747823	0.00010332928	0.0010676794	0.00015745802	0.0006890439	0.00024331729	FGA	2041-04-01
2041-04-12	tropics	28								0.000386966	0.0020542988	0.00010103574	0.0010519205	0.00015475448	0.0006781147	0.000240088	FGA	2041-04-01
2041-04-13	tropics	28								0.00038058704	0.002033978	9.879165e-05	0.0010380219	0.00015203544	0.0006676938	0.0002367958	FGA	2041-04-01
2041-04-14	tropics	28								0.0003743912	0.0020138195	9.662623e-05	0.0010243927	0.00014941744	0.0006598135	0.00023322567	FGA	2041-04-01
2041-04-15	tropics	28								0.00036970928	0.0019938226	9.4823554e-05	0.0010093782	0.00014697193	0.0006518363	0.00022953043	FGA	2041-04-01
2041-04-16	tropics	28								0.00036461547	0.0019739878	9.3053e-05	0.0009958962	0.00014456829	0.00064333994	0.00022586518	FGA	2041-04-01
2041-04-17	tropics	28								0.0003591478	0.0019543145	9.131408e-05	0.0009836812	0.00014220162	0.000634592	0.00022255884	FGA	2041-04-01
2041-04-18	tropics	28								0.0003537566	0.0019348025	8.960627e-05	0.0009715976	0.00013987848	0.0006259525	0.00021909957	FGA	2041-04-01
2041-04-19	tropics	28								0.0003484411	0.0019154514	8.791725e-05	0.0009595805	0.0001376075	0.0006174204	0.00021571174	FGA	2041-04-01
2041-04-20	tropics	28								0.00034302534	0.001896261	8.625791e-05	0.00094714	0.00013537145	0.0006089945	0.00021237292	FGA	2041-04-01
2041-04-21	tropics	28								0.00033796055	0.0018772308	8.4628664e-05	0.0009348424	0.00013316983	0.00060067396	0.00020926053	FGA	2041-04-01
2041-04-22	tropics	28								0.00033311656	0.0018583606	8.3029e-05	0.00092268694	0.00013103987	0.00059355784	0.00020626262	FGA	2041-04-01
2041-04-23	tropics	28								0.00032804382	0.001839649	8.1458464e-05	0.0009106724	0.00012871553	0.0005873211	0.00020329592	FGA	2041-04-01
2041-04-24	tropics	28								0.0003234528	0.0018210971	7.991654e-05	0.0008987975	0.00012642144	0.0005798813	0.00020055463	FGA	2041-04-01
2041-04-25	tropics	28								0.0003187193	0.0018027034	7.8402765e-05	0.00088706124	0.00012420848	0.0005722784	0.00019745098	FGA	2041-04-01
2041-04-26	tropics	28								0.00031405035	0.0017844676	7.691665e-05	0.00087546266	0.00012208954	0.00056544814	0.00019406194	FGA	2041-04-01
2041-04-27	tropics	28								0.00030944525	0.0017663892	7.559106e-05	0.00086383213	0.000120114	0.00055835454	0.00019055652	FGA	2041-04-01
2041-04-28	tropics	28								0.00030503285	0.0017484674	7.435461e-05	0.0008522752	0.000117998934	0.0005507292	0.00018711177	FGA	2041-04-01
2041-04-29	tropics	28								0.0003007603	0.001730702	7.313745e-05	0.00084085885	0.00011583321	0.00054379523	0.00018376215	FGA	2041-04-01
2041-04-30	tropics	28								0.00029634786	0.0017130921	7.1939336e-05	0.0008289869	0.000113705704	0.00053619023	0.00018072751	FGA	2041-04-01
2041-05-01	tropics	28								0.0002921105	0.0016956371	7.075999e-05	0.0008166339	0.00011172685	0.00052840746	0.00017760889	FGA	2041-04-01
2041-05-02	tropics	28								0.00028772157	0.0016800734	6.959915e-05	0.0008044547	0.00011017702	0.0005205664	0.00017442368	FGA	2041-04-01
2041-05-03	tropics	28								0.000283394	0.0016649445	6.8456546e-05	0.00079244695	0.00010796845	0.0005119528	0.00017129321	FGA	2041-04-01
2041-05-04	tropics	28								0.00027930393	0.0016499284	6.7331945e-05	0.00078060874	0.00010580295	0.00050472957	0.00016822832	FGA	2041-04-01
2041-05-05	tropics	28								0.00027476638	0.0016350246	6.622507e-05	0.00076893787	0.00010383682	0.00049738516	0.00016525238	FGA	2041-04-01
2041-05-06	tropics	28								0.0002706199	0.0016202331	6.5135675e-05	0.0007574323	0.00010197317	0.0004899105	0.00016232717	FGA	2041-04-01
2041-05-07	tropics	28								0.00026640412	0.001605554	6.4062915e-05	0.00074800086	0.00010014819	0.00048224442	0.00015948563	FGA	2041-04-01
2041-05-08	tropics	28								0.00026224658	0.0015909866	6.3000596e-05	0.00073909503	9.83547e-05	0.00047541282	0.00015719538	FGA	2041-04-01
2041-05-09	tropics	28								0.00025815115	0.001576531	6.1955245e-05	0.0007302863	9.659224e-05	0.00046856693	0.00015501723	FGA	2041-04-01
2041-05-10	tropics	28								0.00025411707	0.0015621865	6.0926624e-05	0.0007215738	9.4860305e-05	0.0004625411	0.00015286829	FGA	2041-04-01
2041-05-11	tropics	28								0.00025014352	0.0015479532	5.991448e-05	0.00071295694	9.315843e-05	0.00045666037	0.0001505293	FGA	2041-04-01
2041-05-12	tropics	28								0.00024622958	0.0015338307	5.891858e-05	0.00070443476	9.148608e-05	0.00045099316	0.0001480378	FGA	2041-04-01
2041-05-13	tropics	28								0.00024237452	0.0015198184	5.78904e-05	0.0006960063	8.984281e-05	0.00044548867	0.00014558596	FGA	2041-04-01
2041-05-14	tropics	28								0.00023850403	0.0015059164	5.6790737e-05	0.0006874554	8.822816e-05	0.00043984113	0.00014319285	FGA	2041-04-01
2041-05-15	tropics	28								0.00023514032	0.0014921239	5.5707616e-05	0.00067832164	8.6641645e-05	0.00043407612	0.00014087051	FGA	2041-04-01
2041-05-16	tropics	28								0.00023160537	0.001477824	5.4693024e-05	0.00066930073	8.5082815e-05	0.00042775288	0.00013858968	FGA	2041-04-01
2041-05-17	tropics	28								0.00022796399	0.0014625675	5.3762917e-05	0.0006603305	8.3551204e-05	0.00042173086	0.00013647853	FGA	2041-04-01
2041-05-18	tropics	28								0.00022437776	0.0014474558	5.284806e-05	0.00065134425	8.192268e-05	0.0004159127	0.00013439854	FGA	2041-04-01
2041-05-19	tropics	28								0.00022062002	0.001432488	5.1948213e-05	0.00064247265	8.012461e-05	0.00041013036	0.00013234926	FGA	2041-04-01
2041-05-20	tropics	28								0.00021759381	0.0014176633	5.106313e-05	0.0006337143	7.851736e-05	0.00040431955	0.00013033029	FGA	2041-04-01
2041-05-21	tropics	28								0.00021473537	0.0014025532	5.013061e-05	0.0006248274	7.732411e-05	0.00039855577	0.00012836122	FGA	2041-04-01
2041-05-22	tropics	28								0.00021169486	0.0013873874	4.9156053e-05	0.0006156966	7.616382e-05	0.00039287042	0.00012653598	FGA	2041-04-01
2041-05-23	tropics	28								0.00020833599	0.0013723763	4.8200127e-05	0.0006079737	7.4996795e-05	0.00038726252	0.00012440581	FGA	2041-04-01
2041-05-24	tropics	28								0.00020527732	0.0013575187	4.726249e-05	0.00060017145	7.367015e-05	0.0003818835	0.00012214738	FGA	2041-04-01
2041-05-25	tropics	28								0.0002022617	0.0013428135	4.633506e-05	0.00059191964	7.252879e-05	0.00037693814	0.00012007466	FGA	2041-04-01
2041-05-26	tropics	28								0.00019928858	0.0013282591	4.5425146e-05	0.0005831162	7.120603e-05	0.00037148516	0.00011803618	FGA	2041-04-01
2041-05-27	tropics	28								0.00019635746	0.0013138544	4.453283e-05	0.00057424867	6.989139e-05	0.0003660627	0.00011603141	FGA	2041-04-01
2041-05-28	tropics	28								0.00019346776	0.0012995983	4.3657787e-05	0.0005655103	6.860052e-05	0.00036036278	0.000114059825	FGA	2041-04-01
2041-05-29	tropics	28								0.00019052437	0.0012854896	4.27997e-05	0.00055689947	6.733302e-05	0.00035554785	0.00011219055	FGA	2041-04-01
2041-05-30	tropics	28								0.0001877257	0.0012715271	4.195825e-05	0.0005484144	6.608894e-05	0.00035096117	0.00011038492	FGA	2041-04-01
2041-05-31	tropics	28								0.00018498307	0.0012577097	4.1133113e-05	0.0005400347	6.489038e-05	0.00034624158	0.00010853114	FGA	2041-04-01
2041-06-01	tropics	28								0.00018227988	0.0012440358	4.0324e-05	0.0005316996	6.368971e-05	0.0003414807	0.00010637121	FGA	2041-04-01
2041-06-02	tropics	28								0.0001796156	0.0012305041	3.95306e-05	0.00052348827	6.253612e-05	0.00033649022	0.00010452512	FGA	2041-04-01
2041-06-03	tropics	28								0.00017697038	0.001217114	3.8752623e-05	0.00051539915	6.1402985e-05	0.00033157028	0.00010276776	FGA	2041-04-01
2041-06-04	tropics	28								0.00017435616	0.0012038639	3.7989772e-05	0.00050770584	6.028998e-05	0.00032633837	0.00010109108	FGA	2041-04-01
2041-06-05	tropics	28								0.00017177928	0.0011907526	3.7241756e-05	0.00050014304	5.919674e-05	0.00032100984	9.951926e-05	FGA	2041-04-01
2041-06-06	tropics	28								0.00016894742	0.0011777789	3.650832e-05	0.00049268996	5.8122954e-05	0.00031564257	9.7953096e-05	FGA	2041-04-01
2041-06-07	tropics	28								0.00016598153	0.0011649416	3.578916e-05	0.00048534488	5.7073346e-05	0.00031030562	9.62218e-05	FGA	2041-04-01
2041-06-08	tropics	28								0.00016306754	0.0011522395	3.5084027e-05	0.00047810632	5.6050652e-05	0.00030498434	9.452074e-05	FGA	2041-04-01
2041-06-09	tropics	28								0.00016020455	0.0011396712	3.4392633e-05	0.0004717566	5.5100343e-05	0.00030036105	9.2849434e-05	FGA	2041-04-01
2041-06-10	tropics	28								0.0001573917	0.0011274079	3.3714743e-05	0.0004662755	5.4193784e-05	0.0002955986	9.120735e-05	FGA	2041-04-01
2041-06-11	tropics	28								0.00015462808	0.001115322	3.3050084e-05	0.0004594863	5.3301737e-05	0.0002909099	8.969335e-05	FGA	2041-04-01
2041-06-12	tropics	28								0.00015208994	0.0011033616	3.2398413e-05	0.00045398038	5.242399e-05	0.00028629377	8.8279594e-05	FGA	2041-04-01
2041-06-13	tropics	28								0.00014965545	0.0010915259	3.1759464e-05	0.0004485212	5.156033e-05	0.00028174924	8.688778e-05	FGA	2041-04-01
2041-06-14	tropics	28								0.00014736368	0.0010798138	3.1129264e-05	0.00044293614	5.0710536e-05	0.00027799825	8.55379e-05	FGA	2041-04-01
2041-06-15	tropics	28								0.00014513597	0.0010675862	3.047016e-05	0.00043661598	4.9874383e-05	0.0002748702	8.423684e-05	FGA	2041-04-01
2041-06-16	tropics	28								0.00014294096	0.0010543892	2.9824852e-05	0.00043174988	4.90517e-05	0.00027177634	8.295511e-05	FGA	2041-04-01
2041-06-17	tropics	28								0.000140685	0.0010413479	2.9193046e-05	0.00042700375	4.8242266e-05	0.00026729621	8.16065e-05	FGA	2041-04-01
2041-06-18	tropics	28								0.00013843787	0.0010284609	2.8574475e-05	0.00042189364	4.744587e-05	0.0002627236	8.024921e-05	FGA	2041-04-01
2041-06-19	tropics	28								0.00013618001	0.0010157262	2.796886e-05	0.00041684223	4.6662313e-05	0.00025822833	7.881467e-05	FGA	2041-04-01
2041-06-20	tropics	28								0.00013395833	0.0010031426	2.7375943e-05	0.00041184895	4.5891396e-05	0.0002543863	7.728491e-05	FGA	2041-04-01
2041-06-21	tropics	28								0.00013177225	0.0009907081	2.6795458e-05	0.00040678575	4.513295e-05	0.0002510465	7.578469e-05	FGA	2041-04-01
2041-06-22	tropics	28								0.00012961781	0.0009784215	2.6227153e-05	0.0004017819	4.4291774e-05	0.00024774938	7.431347e-05	FGA	2041-04-01
2041-06-23	tropics	28								0.00012735964	0.00096628105	2.567077e-05	0.00039664787	4.3407985e-05	0.00024449453	7.29417e-05	FGA	2041-04-01
2041-06-24	tropics	28								0.00012514013	0.0009542851	2.512607e-05	0.00039122984	4.254163e-05	0.00024128135	7.166991e-05	FGA	2041-04-01
2041-06-25	tropics	28								0.00012295862	0.00094243244	2.4592819e-05	0.00038588338	4.1692376e-05	0.00023810945	7.0420174e-05	FGA	2041-04-01
2041-06-26	tropics	28								0.00012081451	0.0009307213	2.4070772e-05	0.00038060764	4.0859883e-05	0.00023497827	6.919211e-05	FGA	2041-04-01
2041-06-27	tropics	28								0.00011870716	0.0009191501	2.3559696e-05	0.00037540175	4.004383e-05	0.0002318873	6.8007605e-05	FGA	2041-04-01
2041-06-28	tropics	28								0.00011663599	0.00090771756	2.3059374e-05	0.00037026487	3.9243892e-05	0.00022874495	6.689539e-05	FGA	2041-04-01
2041-06-29	tropics	28								0.00011460037	0.0008964219	2.2569579e-05	0.00036519612	3.8459788e-05	0.00022555658	6.580103e-05	FGA	2041-04-01
2041-06-30	tropics	28								0.00011268781	0.00088526186	2.2090093e-05	0.0003601948	3.7691174e-05	0.00022241179	6.472429e-05	FGA	2041-04-01
2041-07-01	tropics	28								0.00011090709	0.000874236	2.1620703e-05	0.0003552599	3.6937774e-05	0.00021926529	6.363933e-05	FGA	2041-04-01
2041-07-02	tropics	28								0.00010918893	0.00086334266	2.11612e-05	0.00035039074	3.6199286e-05	0.0002160754	6.2516345e-05	FGA	2041-04-01
2041-07-03	tropics	28								0.00010758445	0.0008525805	2.0711377e-05	0.0003455864	3.5475423e-05	0.00021293102	6.1412975e-05	FGA	2041-04-01
2041-07-04	tropics	28								0.00010598128	0.00084194803	2.027104e-05	0.00034074817	3.47899e-05	0.00020987526	6.0328908e-05	FGA	2041-04-01
2041-07-05	tropics	28								0.0001041104	0.00083144376	1.9839985e-05	0.00033593734	3.414867e-05	0.0002070357	5.926634e-05	FGA	2041-04-01
2041-07-06	tropics	28								0.000102250546	0.0008210665	1.9418023e-05	0.00033119283	3.351914e-05	0.00020403876	5.8233552e-05	FGA	2041-04-01
2041-07-07	tropics	28								0.00010061355	0.00081081456	1.9004967e-05	0.00032651375	3.2910484e-05	0.00020113323	5.7180216e-05	FGA	2041-04-01
2041-07-08	tropics	28								9.891814e-05	0.00080068695	1.860063e-05	0.00032189925	3.2314594e-05	0.000198345	5.6150766e-05	FGA	2041-04-01
2041-07-09	tropics	28								9.72316e-05	0.00079068186	1.8204828e-05	0.00031734846	3.1729393e-05	0.00019559482	5.5120312e-05	FGA	2041-04-01
2041-07-10	tropics	28								9.569769e-05	0.00078079803	1.7817385e-05	0.00031286062	3.11613e-05	0.00019274266	5.4108597e-05	FGA	2041-04-01
2041-07-11	tropics	28								9.418764e-05	0.0007710342	1.7438131e-05	0.00030843492	3.0631694e-05	0.00018988119	5.3115287e-05	FGA	2041-04-01
2041-07-12	tropics	28								9.270109e-05	0.00076138903	1.706689e-05	0.00030374917	3.008966e-05	0.00018706167	5.2248863e-05	FGA	2041-04-01
2041-07-13	tropics	28								9.1237715e-05	0.00075186114	1.6703498e-05	0.00029891488	2.951118e-05	0.00018428348	5.1530107e-05	FGA	2041-04-01
2041-07-14	tropics	28								8.979716e-05	0.00074244913	1.6347789e-05	0.0002941565	2.894373e-05	0.00018154603	5.050204e-05	FGA	2041-04-01
2041-07-15	tropics	28								8.8379056e-05	0.0007331519	1.5999605e-05	0.00029012322	2.8408474e-05	0.0001788487	4.947643e-05	FGA	2041-04-01
2041-07-16	tropics	28								8.695395e-05	0.00072396785	1.5658785e-05	0.00028636	2.7886363e-05	0.00017603455	4.856204e-05	FGA	2041-04-01
2041-07-17	tropics	28								8.562881e-05	0.00071489596	1.532518e-05	0.00028264453	2.7373775e-05	0.00017325424	4.7764646e-05	FGA	2041-04-01
2041-07-18	tropics	28								8.434148e-05	0.0007059347	1.4998637e-05	0.0002789762	2.6870526e-05	0.00017051742	4.6980233e-05	FGA	2041-04-01
2041-07-19	tropics	28								8.304122e-05	0.0006970831	1.4679013e-05	0.00027535442	2.6376454e-05	0.00016782343	4.615056e-05	FGA	2041-04-01
2041-07-20	tropics	28								8.166775e-05	0.0006883397	1.4366153e-05	0.00027177864	2.5891402e-05	0.00016525862	4.5301556e-05	FGA	2041-04-01
2041-07-21	tropics	28								8.0347425e-05	0.0006797034	1.4059925e-05	0.00026801426	2.5415198e-05	0.00016357016	4.4470435e-05	FGA	2041-04-01
2041-07-22	tropics	28								7.913979e-05	0.00067117275	1.3760184e-05	0.0002643152	2.4947689e-05	0.00016168092	4.362502e-05	FGA	2041-04-01
2041-07-23	tropics	28								7.795012e-05	0.00066274684	1.3466798e-05	0.00026091497	2.4488718e-05	0.00015957683	4.2825413e-05	FGA	2041-04-01
2041-07-24	tropics	28								7.668807e-05	0.0006544242	1.31796305e-05	0.00025755767	2.4038129e-05	0.00015750053	4.207717e-05	FGA	2041-04-01
2041-07-25	tropics	28								7.546428e-05	0.0006462037	1.2898553e-05	0.0002547216	2.359577e-05	0.00015540786	4.1318344e-05	FGA	2041-04-01
2041-07-26	tropics	28								7.4225085e-05	0.0006380842	1.2623439e-05	0.00025152985	2.3161496e-05	0.00015317027	4.0579827e-05	FGA	2041-04-01
2041-07-27	tropics	28								7.300252e-05	0.0006300646	1.237287e-05	0.00024837762	2.2735161e-05	0.00015096445	3.9907223e-05	FGA	2041-04-01
2041-07-28	tropics	28								7.183937e-05	0.0006221436	1.2129144e-05	0.00024526435	2.2316624e-05	0.00014879002	3.9268656e-05	FGA	2041-04-01
2041-07-29	tropics	28								7.070211e-05	0.00061432016	1.1890216e-05	0.0002421897	2.1907625e-05	0.00014664646	3.8642545e-05	FGA	2041-04-01
2041-07-30	tropics	28								6.958269e-05	0.0006065931	1.16559895e-05	0.00023908712	2.1510174e-05	0.00014453338	3.803137e-05	FGA	2041-04-01
2041-07-31	tropics	28								6.848085e-05	0.0005989612	1.1426377e-05	0.00023597208	2.1119891e-05	0.00014245039	3.7429752e-05	FGA	2041-04-01
2041-08-01	tropics	28								6.739628e-05	0.0005914235	1.1201284e-05	0.0002332581	2.0736645e-05	0.00014039702	3.6837573e-05	FGA	2041-04-01
2041-08-02	tropics	28								6.632875e-05	0.0005839788	1.0980622e-05	0.00023064387	2.0360312e-05	0.00013837294	3.6254783e-05	FGA	2041-04-01
2041-08-03	tropics	28								6.5303946e-05	0.000576626	1.0764307e-05	0.00022805635	1.9990774e-05	0.00013635177	3.5664227e-05	FGA	2041-04-01
2041-08-04	tropics	28								6.430539e-05	0.0005693641	1.0552252e-05	0.00022520454	1.9627903e-05	0.00013433798	3.5067922e-05	FGA	2041-04-01
2041-08-05	tropics	28								6.332198e-05	0.00056219206	1.03443745e-05	0.00022182378	1.9271583e-05	0.00013235366	3.4491357e-05	FGA	2041-04-01
2041-08-06	tropics	28								6.235348e-05	0.0005551087	1.014059e-05	0.00021844501	1.8921699e-05	0.00013039832	3.3928518e-05	FGA	2041-04-01
2041-08-07	tropics	28								6.139967e-05	0.000548113	9.940821e-06	0.00021525701	1.8579334e-05	0.00012847161	3.3377823e-05	FGA	2041-04-01
2041-08-08	tropics	28								6.0460312e-05	0.00054120395	9.744989e-06	0.00021244779	1.8266926e-05	0.00012657308	3.283599e-05	FGA	2041-04-01
2041-08-09	tropics	28								5.9535232e-05	0.0005343805	9.553014e-06	0.00020967466	1.7959737e-05	0.0001247368	3.2287775e-05	FGA	2041-04-01
2041-08-10	tropics	28								5.863348e-05	0.0005276416	9.364822e-06	0.00020693723	1.7657674e-05	0.00012304845	3.171649e-05	FGA	2041-04-01
2041-08-11	tropics	28								5.7771882e-05	0.0005209864	9.18034e-06	0.00020423502	1.734411e-05	0.000121382865	3.119661e-05	FGA	2041-04-01
2041-08-12	tropics	28								5.689216e-05	0.00051441375	8.999493e-06	0.00020156763	1.6990132e-05	0.000119739816	3.068518e-05	FGA	2041-04-01
2041-08-13	tropics	28								5.5959266e-05	0.0005079227	8.822211e-06	0.00019866275	1.6643351e-05	0.00011804915	3.0186984e-05	FGA	2041-04-01
2041-08-14	tropics	28								5.504174e-05	0.00050151243	8.648423e-06	0.0001960738	1.6319169e-05	0.000116277704	2.9683599e-05	FGA	2041-04-01
2041-08-15	tropics	28								5.4148768e-05	0.0004951817	8.478061e-06	0.00019339309	1.6016127e-05	0.00011453274	2.9218192e-05	FGA	2041-04-01
2041-08-16	tropics	28								5.3325974e-05	0.0004889298	8.311057e-06	0.00019068856	1.5718695e-05	0.00011281387	2.8703933e-05	FGA	2041-04-01
2041-08-17	tropics	28								5.25156e-05	0.0004827556	8.1473445e-06	0.00018802131	1.5426765e-05	0.00011112071	2.8204797e-05	FGA	2041-04-01
2041-08-18	tropics	28								5.174066e-05	0.00047665832	7.9868605e-06	0.00018539092	1.51458535e-05	0.00010949462	2.7719838e-05	FGA	2041-04-01
2041-08-19	tropics	28								5.100201e-05	0.00047063694	7.8295425e-06	0.00018279688	1.4870169e-05	0.00010795536	2.7251488e-05	FGA	2041-04-01
2041-08-20	tropics	28								5.027381e-05	0.0004646906	7.675325e-06	0.00018023864	1.4599476e-05	0.0001064376	2.6791695e-05	FGA	2041-04-01
2041-08-21	tropics	28								4.9555907e-05	0.00045881837	7.5241483e-06	0.0001777158	1.4333697e-05	0.000105111976	2.6338632e-05	FGA	2041-04-01
2041-08-22	tropics	28								4.8848167e-05	0.0004530193	7.375952e-06	0.00017522786	1.4072736e-05	0.00010378525	2.5930607e-05	FGA	2041-04-01
2041-08-23	tropics	28								4.8150443e-05	0.0004472927	7.2306802e-06	0.00017277432	1.3821825e-05	0.00010245468	2.55228e-05	FGA	2041-04-01
2041-08-24	tropics	28								4.7462592e-05	0.0004416375	7.08827e-06	0.00017035476	1.3587157e-05	0.00010110668	2.5144487e-05	FGA	2041-04-01
2041-08-25	tropics	28								4.6784484e-05	0.0004360529	6.948672e-06	0.00016796865	1.3357555e-05	9.976569e-05	2.468705e-05	FGA	2041-04-01
2041-08-26	tropics	28								4.6080168e-05	0.00043053812	6.811825e-06	0.00016561567	1.3131815e-05	9.8442586e-05	2.4258277e-05	FGA	2041-04-01
2041-08-27	tropics	28								4.536727e-05	0.00042509218	6.677678e-06	0.00016329523	1.2898419e-05	9.713044e-05	2.383695e-05	FGA	2041-04-01
2041-08-28	tropics	28								4.466542e-05	0.00041971434	6.546176e-06	0.00016104218	1.2677429e-05	9.565581e-05	2.342295e-05	FGA	2041-04-01
2041-08-29	tropics	28								4.397447e-05	0.00041440377	6.4172687e-06	0.00015895549	1.2447311e-05	9.4203686e-05	2.302659e-05	FGA	2041-04-01
2041-08-30	tropics	28								4.3294225e-05	0.0004091596	6.2909035e-06	0.00015689555	1.2213912e-05	9.277373e-05	2.2646424e-05	FGA	2041-04-01
2041-08-31	tropics	28								4.2624528e-05	0.00040398104	6.1670307e-06	0.00015486205	1.1984878e-05	9.150086e-05	2.222609e-05	FGA	2041-04-01
2041-09-01	tropics	28								4.1965217e-05	0.00039886733	6.044936e-06	0.00015285463	1.176013e-05	9.0354886e-05	2.1813396e-05	FGA	2041-04-01
2041-09-02	tropics	28								4.1369778e-05	0.0003939102	5.9251147e-06	0.00015087296	1.1539585e-05	8.922326e-05	2.1408376e-05	FGA	2041-04-01
2041-09-03	tropics	28								4.078505e-05	0.00038915066	5.8076726e-06	0.00014891676	1.13231645e-05	8.810579e-05	2.1022772e-05	FGA	2041-04-01
2041-09-04	tropics	28								4.0203962e-05	0.00038444798	5.692563e-06	0.00014698568	1.1110795e-05	8.700231e-05	2.0664993e-05	FGA	2041-04-01
2041-09-05	tropics	28								3.963111e-05	0.00037980164	5.57974e-06	0.00014507941	1.0902398e-05	8.584583e-05	2.0321764e-05	FGA	2041-04-01
2041-09-06	tropics	28								3.9066384e-05	0.00037521074	5.4691573e-06	0.00014319761	1.06979005e-05	8.466297e-05	1.9947609e-05	FGA	2041-04-01
2041-09-07	tropics	28								3.8509672e-05	0.00037067485	5.360621e-06	0.00014134003	1.0497231e-05	8.34964e-05	1.961887e-05	FGA	2041-04-01
2041-09-08	tropics	28								3.7960857e-05	0.0003661932	5.246343e-06	0.00013950634	1.0300317e-05	8.233686e-05	1.9300007e-05	FGA	2041-04-01
2041-09-09	tropics	28								3.7419835e-05	0.00036176524	5.134497e-06	0.00013769622	1.0107088e-05	8.111548e-05	1.9003084e-05	FGA	2041-04-01
2041-09-10	tropics	28								3.6886482e-05	0.00035739026	5.0250305e-06	0.00013590939	9.917478e-06	7.991214e-05	1.870676e-05	FGA	2041-04-01
2041-09-11	tropics	28								3.636071e-05	0.0003530677	4.9178934e-06	0.00013414555	9.731417e-06	7.872659e-05	1.83725e-05	FGA	2041-04-01
2041-09-12	tropics	28								3.58424e-05	0.00034879695	4.813038e-06	0.0001324044	9.548839e-06	7.755855e-05	1.8029812e-05	FGA	2041-04-01
2041-09-13	tropics	28								3.5331454e-05	0.00034457736	4.7104127e-06	0.00013068569	9.369681e-06	7.6407785e-05	1.7722621e-05	FGA	2041-04-01
2041-09-14	tropics	28								3.482776e-05	0.00034040838	4.609972e-06	0.00012898912	9.193877e-06	7.52174e-05	1.7465238e-05	FGA	2041-04-01
2041-09-15	tropics	28								3.433123e-05	0.00033628938	4.5116703e-06	0.0001273144	9.021363e-06	7.403789e-05	1.7211576e-05	FGA	2041-04-01
2041-09-16	tropics	28								3.3812572e-05	0.00033221985	4.4154604e-06	0.00012566123	8.854168e-06	7.28768e-05	1.6961589e-05	FGA	2041-04-01
2041-09-17	tropics	28								3.327639e-05	0.0003281991	4.3212995e-06	0.0001240294	8.691056e-06	7.173384e-05	1.6694266e-05	FGA	2041-04-01
2041-09-18	tropics	28								3.273981e-05	0.0003242266	4.229143e-06	0.0001224186	8.530939e-06	7.0608745e-05	1.6424954e-05	FGA	2041-04-01
2041-09-19	tropics	28								3.2211854e-05	0.0003203018	4.1389494e-06	0.00012082857	8.373766e-06	6.950122e-05	1.614138e-05	FGA	2041-04-01
2041-09-20	tropics	28								3.1692387e-05	0.0003164241	4.0506766e-06	0.00011925901	8.219484e-06	6.8411e-05	1.5851432e-05	FGA	2041-04-01
2041-09-21	tropics	28								3.118127e-05	0.00031259298	3.9642828e-06	0.00011770972	8.0680375e-06	6.7337816e-05	1.5589536e-05	FGA	2041-04-01
2041-09-22	tropics	28								3.0678384e-05	0.00030880794	3.87973e-06	0.00011618043	7.919375e-06	6.628141e-05	1.5332573e-05	FGA	2041-04-01
2041-09-23	tropics	28								3.0183579e-05	0.00030506833	3.7969771e-06	0.00011474907	7.773445e-06	6.524154e-05	1.5079857e-05	FGA	2041-04-01
2041-09-24	tropics	28								2.9696728e-05	0.00030137372	3.7159878e-06	0.000113449074	7.630199e-06	6.4217915e-05	1.47789615e-05	FGA	2041-04-01
2041-09-25	tropics	28								2.9217721e-05	0.00029772345	3.6367226e-06	0.00011216366	7.4895875e-06	6.321029e-05	1.4482222e-05	FGA	2041-04-01
2041-09-26	tropics	28								2.8746414e-05	0.0002941171	3.5591465e-06	0.00011089267	7.3515625e-06	6.221844e-05	1.4191433e-05	FGA	2041-04-01
2041-09-27	tropics	28								2.8282691e-05	0.0002905542	3.4832233e-06	0.00010963597	7.216076e-06	6.12421e-05	1.3916829e-05	FGA	2041-04-01
2041-09-28	tropics	28								2.7826434e-05	0.0002870341	3.4089176e-06	0.00010838318	7.0830815e-06	6.0286802e-05	1.3668698e-05	FGA	2041-04-01
2041-09-29	tropics	28								2.7377515e-05	0.00028347826	3.3361946e-06	0.0001071396	6.9525327e-06	5.9412178e-05	1.3401899e-05	FGA	2041-04-01
2041-09-30	tropics	28								2.693582e-05	0.00027996255	3.2650216e-06	0.000105806255	6.824386e-06	5.855019e-05	1.3140299e-05	FGA	2041-04-01
2041-10-01	tropics	28								2.64971e-05	0.00027649026	3.1953655e-06	0.00010431916	6.698598e-06	5.7700658e-05	1.2883798e-05	FGA	2041-04-01
2041-10-02	tropics	28								2.606486e-05	0.00027306087	3.127193e-06	0.00010284013	6.576147e-06	5.686339e-05	1.2635792e-05	FGA	2041-04-01
2041-10-03	tropics	28								2.5639652e-05	0.00026967385	3.060474e-06	0.000101375386	6.456003e-06	5.603824e-05	1.2395936e-05	FGA	2041-04-01
2041-10-04	tropics	28								2.5219586e-05	0.0002663286	2.9951764e-06	9.993144e-05	6.338052e-06	5.522502e-05	1.2160626e-05	FGA	2041-04-01
2041-10-05	tropics	28								2.478248e-05	0.00026302476	2.9312703e-06	9.850798e-05	6.222252e-06	5.442355e-05	1.1929775e-05	FGA	2041-04-01
2041-10-06	tropics	28								2.4358058e-05	0.00025976176	2.8687273e-06	9.7104756e-05	6.1085652e-06	5.3619304e-05	1.17033005e-05	FGA	2041-04-01
2041-10-07	tropics	28								2.3973365e-05	0.00025653903	2.8075165e-06	9.5721494e-05	5.999487e-06	5.281145e-05	1.148112e-05	FGA	2041-04-01
2041-10-08	tropics	28								2.3594741e-05	0.0002533562	2.7476103e-06	9.434977e-05	5.8957326e-06	5.201578e-05	1.1263151e-05	FGA	2041-04-01
2041-10-09	tropics	28								2.3208515e-05	0.0002502127	2.6889818e-06	9.310128e-05	5.7937696e-06	5.12321e-05	1.1049313e-05	FGA	2041-04-01
2041-10-10	tropics	28								2.2841963e-05	0.00024710808	2.6316027e-06	9.197359e-05	5.6935683e-06	5.0460218e-05	1.0847807e-05	FGA	2041-04-01
2041-10-11	tropics	28								2.247799e-05	0.00024404185	2.5754473e-06	9.0859554e-05	5.5950986e-06	4.9699982e-05	1.0655002e-05	FGA	2041-04-01
2041-10-12	tropics	28								2.2111182e-05	0.00024101352	2.5204886e-06	8.976656e-05	5.4983307e-06	4.8951202e-05	1.0473361e-05	FGA	2041-04-01
2041-10-13	tropics	28								2.1766758e-05	0.00023802267	2.4667017e-06	8.875904e-05	5.403234e-06	4.8213707e-05	1.0307166e-05	FGA	2041-04-01
2041-10-14	tropics	28								2.1442342e-05	0.00023506884	2.4140406e-06	8.764035e-05	5.30978e-06	4.7487338e-05	1.0130597e-05	FGA	2041-04-01
2041-10-15	tropics	28								2.1091193e-05	0.00023215153	2.3624636e-06	8.661376e-05	5.2064083e-06	4.6771907e-05	9.942651e-06	FGA	2041-04-01
2041-10-16	tropics	28								2.0745787e-05	0.00022927034	2.3119876e-06	8.555493e-05	5.1017505e-06	4.6067275e-05	9.763364e-06	FGA	2041-04-01
2041-10-17	tropics	28								2.0406027e-05	0.00022642482	2.2652316e-06	8.426601e-05	4.9991963e-06	4.5373257e-05	9.599116e-06	FGA	2041-04-01
2041-10-18	tropics	28								2.007182e-05	0.00022361452	2.2198922e-06	8.297414e-05	4.8987035e-06	4.4688266e-05	9.437649e-06	FGA	2041-04-01
2041-10-19	tropics	28								1.9734034e-05	0.000220839	2.1754627e-06	8.170214e-05	4.8002285e-06	4.396883e-05	9.278914e-06	FGA	2041-04-01
2041-10-20	tropics	28								1.9398052e-05	0.00021809783	2.1319242e-06	8.050929e-05	4.7098006e-06	4.3260992e-05	9.122865e-06	FGA	2041-04-01
2041-10-21	tropics	28								1.9067777e-05	0.00021539062	2.089259e-06	7.947075e-05	4.622248e-06	4.2574007e-05	8.969457e-06	FGA	2041-04-01
2041-10-22	tropics	28								1.874312e-05	0.00021271691	2.0474502e-06	7.843733e-05	4.5363217e-06	4.1952568e-05	8.818644e-06	FGA	2041-04-01
2041-10-23	tropics	28								1.8423983e-05	0.00021007635	2.0064797e-06	7.741585e-05	4.4519934e-06	4.1329633e-05	8.654854e-06	FGA	2041-04-01
2041-10-24	tropics	28								1.8110271e-05	0.00020746847	1.966331e-06	7.640762e-05	4.3692316e-06	4.0670013e-05	8.484198e-06	FGA	2041-04-01
2041-10-25	tropics	28								1.7804594e-05	0.0002048929	1.9269876e-06	7.5412456e-05	4.2880083e-06	4.0020946e-05	8.318132e-06	FGA	2041-04-01
2041-10-26	tropics	28								1.7509687e-05	0.00020234924	1.8884334e-06	7.442596e-05	4.208294e-06	3.9382285e-05	8.155514e-06	FGA	2041-04-01
2041-10-27	tropics	28								1.7219656e-05	0.0001998371	1.8506527e-06	7.343693e-05	4.128315e-06	3.8753846e-05	7.996073e-06	FGA	2041-04-01
2041-10-28	tropics	28								1.6937085e-05	0.00019735607	1.8136294e-06	7.246105e-05	4.038859e-06	3.8135477e-05	7.839746e-06	FGA	2041-04-01
2041-10-29	tropics	28								1.6688206e-05	0.00019490578	1.7773492e-06	7.149814e-05	3.952702e-06	3.7527014e-05	7.686473e-06	FGA	2041-04-01
2041-10-30	tropics	28								1.6443035e-05	0.00019248587	1.7417959e-06	7.054803e-05	3.86874e-06	3.692813e-05	7.536195e-06	FGA	2041-04-01
2041-10-31	tropics	28								1.6193442e-05	0.00019009595	1.706956e-06	6.961054e-05	3.7982006e-06	3.6333022e-05	7.3888527e-06	FGA	2041-04-01
2041-11-01	tropics	28								1.5928144e-05	0.00018773564	1.672815e-06	6.865082e-05	3.7352534e-06	3.584982e-05	7.24439e-06	FGA	2041-04-01
2041-11-02	tropics	28								1.5667187e-05	0.0001854046	1.6393582e-06	6.759482e-05	3.6736315e-06	3.538645e-05	7.1027507e-06	FGA	2041-04-01
2041-11-03	tropics	28								1.5409598e-05	0.00018310247	1.6065724e-06	6.6555054e-05	3.613852e-06	3.4929086e-05	6.9638786e-06	FGA	2041-04-01
2041-11-04	tropics	28								1.5150564e-05	0.00018082884	1.574444e-06	6.55313e-05	3.5550465e-06	3.4497407e-05	6.8277204e-06	FGA	2041-04-01
2041-11-05	tropics	28								1.4895875e-05	0.00017858343	1.5429598e-06	6.460792e-05	3.49186e-06	3.4082073e-05	6.694222e-06	FGA	2041-04-01
2041-11-06	tropics	28								1.4645464e-05	0.00017636585	1.5121071e-06	6.3835665e-05	3.427659e-06	3.36718e-05	6.5633335e-06	FGA	2041-04-01
2041-11-07	tropics	28								1.4399255e-05	0.00017417577	1.4818726e-06	6.307261e-05	3.3606095e-06	3.326653e-05	6.4350033e-06	FGA	2041-04-01
2041-11-08	tropics	28								1.4156958e-05	0.00017201285	1.4522444e-06	6.231868e-05	3.293803e-06	3.285413e-05	6.3091816e-06	FGA	2041-04-01
2041-11-09	tropics	28								1.39086715e-05	0.00016987676	1.4232103e-06	6.1573744e-05	3.228326e-06	3.2403495e-05	6.186656e-06	FGA	2041-04-01
2041-11-10	tropics	28								1.3664747e-05	0.00016776715	1.3947581e-06	6.0837705e-05	3.1641512e-06	3.195574e-05	6.0669404e-06	FGA	2041-04-01
2041-11-11	tropics	28								1.3425104e-05	0.00016568374	1.3667108e-06	6.0110448e-05	3.1012535e-06	3.1538722e-05	5.949544e-06	FGA	2041-04-01
2041-11-12	tropics	28								1.32077585e-05	0.00016362614	1.3367223e-06	5.939188e-05	3.039608e-06	3.1136187e-05	5.837654e-06	FGA	2041-04-01
2041-11-13	tropics	28								1.3005006e-05	0.00016159407	1.3073924e-06	5.8681875e-05	2.9792895e-06	3.0738796e-05	5.7302427e-06	FGA	2041-04-01
2041-11-14	tropics	28								1.2775854e-05	0.00015958725	1.2787069e-06	5.792848e-05	2.9242533e-06	3.0346482e-05	5.62522e-06	FGA	2041-04-01
2041-11-15	tropics	28								1.2562133e-05	0.00015760526	1.2506516e-06	5.7180423e-05	2.8753796e-06	2.9954525e-05	5.5232426e-06	FGA	2041-04-01
2041-11-16	tropics	28								1.2343024e-05	0.00015564791	1.2232125e-06	5.645402e-05	2.8273228e-06	2.9549054e-05	5.4231123e-06	FGA	2041-04-01
2041-11-17	tropics	28								1.2129938e-05	0.00015371485	1.1963759e-06	5.592708e-05	2.7800681e-06	2.9130762e-05	5.324796e-06	FGA	2041-04-01
2041-11-18	tropics	28								1.1923083e-05	0.00015180575	1.1701288e-06	5.5302768e-05	2.7336018e-06	2.8690203e-05	5.2282608e-06	FGA	2041-04-01
2041-11-19	tropics	28								1.1717774e-05	0.00014992036	1.144458e-06	5.461697e-05	2.6879127e-06	2.8234528e-05	5.1334746e-06	FGA	2041-04-01
2041-11-20	tropics	28								1.1513337e-05	0.00014805836	1.1193513e-06	5.38273e-05	2.6429868e-06	2.778609e-05	5.042446e-06	FGA	2041-04-01
2041-11-21	tropics	28								1.131376e-05	0.00014621946	1.0947957e-06	5.3049076e-05	2.597943e-06	2.7343867e-05	4.9536193e-06	FGA	2041-04-01
2041-11-22	tropics	28								1.1119368e-05	0.0001444034	1.0707794e-06	5.2282117e-05	2.5503775e-06	2.692946e-05	4.8663574e-06	FGA	2041-04-01
2041-11-23	tropics	28								1.0938557e-05	0.00014260989	1.0472907e-06	5.1532887e-05	2.5036827e-06	2.6527576e-05	4.7806325e-06	FGA	2041-04-01
2041-11-24	tropics	28								1.0760685e-05	0.0001408386	1.0243178e-06	5.086729e-05	2.4577553e-06	2.6131744e-05	4.69329e-06	FGA	2041-04-01
2041-11-25	tropics	28								1.0585705e-05	0.00013908934	1.0018492e-06	5.021028e-05	2.4106537e-06	2.5741885e-05	4.606715e-06	FGA	2041-04-01
2041-11-26	tropics	28								1.0413568e-05	0.00013736177	9.800168e-07	4.9559378e-05	2.3667626e-06	2.535075e-05	4.5263387e-06	FGA	2041-04-01
2041-11-27	tropics	28								1.0244228e-05	0.00013565566	9.601961e-07	4.891311e-05	2.3250727e-06	2.4963789e-05	4.4462527e-06	FGA	2041-04-01
2041-11-28	tropics	28								1.0077642e-05	0.00013397072	9.4078194e-07	4.8275255e-05	2.2832646e-06	2.4591758e-05	4.367556e-06	FGA	2041-04-01
2041-11-29	tropics	28								9.9133795e-06	0.00013230671	9.217663e-07	4.7645688e-05	2.2434465e-06	2.4225277e-05	4.290252e-06	FGA	2041-04-01
2041-11-30	tropics	28								9.748886e-06	0.00013066336	9.031406e-07	4.7024325e-05	2.204322e-06	2.3864251e-05	4.214316e-06	FGA	2041-04-01
2041-12-01	tropics	28								9.588515e-06	0.00012904042	8.8489674e-07	4.641104e-05	2.16588e-06	2.3508614e-05	4.139724e-06	FGA	2041-04-01
2041-12-02	tropics	28								9.4354455e-06	0.00012743763	8.670268e-07	4.5805755e-05	2.1281078e-06	2.3158276e-05	4.0664518e-06	FGA	2041-04-01
2041-12-03	tropics	28								9.279027e-06	0.00012585473	8.493908e-07	4.520833e-05	2.0909938e-06	2.2813163e-05	3.9962156e-06	FGA	2041-04-01
2041-12-04	tropics	28								9.125199e-06	0.00012429147	8.32036e-07	4.468052e-05	2.0518564e-06	2.2473192e-05	3.9273305e-06	FGA	2041-04-01
2041-12-05	tropics	28								8.973921e-06	0.00012274768	8.150409e-07	4.4195473e-05	2.013227e-06	2.2138298e-05	3.8596327e-06	FGA	2041-04-01
2041-12-06	tropics	28								8.825147e-06	0.00012122303	7.9839793e-07	4.3715703e-05	1.9754277e-06	2.1808384e-05	3.7931015e-06	FGA	2041-04-01
2041-12-07	tropics	28								8.678838e-06	0.00011971732	7.820997e-07	4.324115e-05	1.9385684e-06	2.1483398e-05	3.7293107e-06	FGA	2041-04-01
2041-12-08	tropics	28								8.534952e-06	0.00011823029	7.66139e-07	4.2771775e-05	1.9027789e-06	2.1163256e-05	3.6668582e-06	FGA	2041-04-01
2041-12-09	tropics	28								8.393449e-06	0.00011676173	7.505087e-07	4.2306685e-05	1.8705388e-06	2.0847881e-05	3.6054516e-06	FGA	2041-04-01
2041-12-10	tropics	28								8.254292e-06	0.00011531144	7.352019e-07	4.1763204e-05	1.8388457e-06	2.0529678e-05	3.5455523e-06	FGA	2041-04-01
2041-12-11	tropics	28								8.11744e-06	0.000113879156	7.2021186e-07	4.1191972e-05	1.8076898e-06	2.0210075e-05	3.4880318e-06	FGA	2041-04-01
2041-12-12	tropics	28								7.982853e-06	0.000112464644	7.0553193e-07	4.0628533e-05	1.7770628e-06	1.9895451e-05	3.4314446e-06	FGA	2041-04-01
2041-12-13	tropics	28								7.850498e-06	0.00011106772	6.9115555e-07	4.007281e-05	1.7469756e-06	1.960766e-05	3.3706788e-06	FGA	2041-04-01
2041-12-14	tropics	28								7.720335e-06	0.000109688146	6.759354e-07	3.9524675e-05	1.7175882e-06	1.9356883e-05	3.3097226e-06	FGA	2041-04-01
2041-12-15	tropics	28								7.5923285e-06	0.00010832896	6.608214e-07	3.8984024e-05	1.6886951e-06	1.9094867e-05	3.252222e-06	FGA	2041-04-01
2041-12-16	tropics	28								7.4664426e-06	0.00010698873	6.4660657e-07	3.8450777e-05	1.6602879e-06	1.882376e-05	3.1957215e-06	FGA	2041-04-01
2041-12-17	tropics	28								7.3426427e-06	0.00010566508	6.3269755e-07	3.7924805e-05	1.6323584e-06	1.8543518e-05	3.1402033e-06	FGA	2041-04-01
2041-12-18	tropics	28								7.220894e-06	0.00010435781	6.190877e-07	3.740603e-05	1.6048989e-06	1.8267448e-05	3.0856504e-06	FGA	2041-04-01
2041-12-19	tropics	28								7.1011623e-06	0.00010306672	6.057706e-07	3.689434e-05	1.574828e-06	1.7987917e-05	3.0320462e-06	FGA	2041-04-01
2041-12-20	tropics	28								6.988726e-06	0.00010179159	5.9274e-07	3.6389643e-05	1.5443953e-06	1.7708715e-05	2.979373e-06	FGA	2041-04-01
2041-12-21	tropics	28								6.87613e-06	0.00010053227	5.799896e-07	3.589185e-05	1.5145504e-06	1.7433847e-05	2.9258997e-06	FGA	2041-04-01
2041-12-22	tropics	28								6.7601923e-06	9.928852e-05	5.675136e-07	3.5400863e-05	1.4852826e-06	1.716325e-05	2.8718719e-06	FGA	2041-04-01
2041-12-23	tropics	28								6.646208e-06	9.806016e-05	5.55306e-07	3.491658e-05	1.4565804e-06	1.689685e-05	2.8188417e-06	FGA	2041-04-01
2041-12-24	tropics	28								6.5341455e-06	9.6847e-05	5.433609e-07	3.4438915e-05	1.4284329e-06	1.6634589e-05	2.7667904e-06	FGA	2041-04-01
2041-12-25	tropics	28								6.42726e-06	9.564885e-05	5.316728e-07	3.3967783e-05	1.4008297e-06	1.6376747e-05	2.7156998e-06	FGA	2041-04-01
2041-12-26	tropics	28								6.322729e-06	9.446553e-05	5.2023626e-07	3.3503096e-05	1.3737597e-06	1.6158225e-05	2.6655525e-06	FGA	2041-04-01
2041-12-27	tropics	28								6.223201e-06	9.329686e-05	5.0904555e-07	3.3044762e-05	1.3475426e-06	1.5942627e-05	2.6182925e-06	FGA	2041-04-01
2041-12-28	tropics	28								6.1255487e-06	9.214267e-05	4.980957e-07	3.2592685e-05	1.3210849e-06	1.5729911e-05	2.5719555e-06	FGA	2041-04-01
2041-12-29	tropics	28								6.0294306e-06	9.1002745e-05	4.873814e-07	3.2146796e-05	1.2951466e-06	1.5520036e-05	2.526443e-06	FGA	2041-04-01
2041-12-30	tropics	28								5.9348254e-06	8.9876936e-05	4.768976e-07	3.17126e-05	1.2698148e-06	1.5312968e-05	2.4851615e-06	FGA	2041-04-01
2041-12-31	tropics	28								5.842991e-06	8.8765046e-05	4.6663928e-07	3.129876e-05	1.2450234e-06	1.5097766e-05	2.4393332e-06	FGA	2041-04-01
2042-01-01	tropics	28								5.7528405e-06	8.766694e-05	4.566017e-07	3.089032e-05	1.220716e-06	1.4877543e-05	2.391759e-06	FGA	2041-04-01
2042-01-02	tropics	28								5.664312e-06	8.658241e-05	4.4678004e-07	3.0487205e-05	1.1968826e-06	1.4655507e-05	2.3451496e-06	FGA	2041-04-01
2042-01-03	tropics	28								5.578705e-06	8.551132e-05	4.3716963e-07	3.0089344e-05	1.1734478e-06	1.4426773e-05	2.3010348e-06	FGA	2041-04-01
2042-01-04	tropics	28								5.4943916e-06	8.445346e-05	4.2776597e-07	2.9696672e-05	1.150095e-06	1.4201612e-05	2.25775e-06	FGA	2041-04-01
2042-01-05	tropics	28								5.411352e-06	8.3408726e-05	4.185646e-07	2.9309116e-05	1.1272072e-06	1.3979969e-05	2.2152808e-06	FGA	2041-04-01
2042-01-06	tropics	28								5.329568e-06	8.237689e-05	4.0956127e-07	2.8926612e-05	1.1054892e-06	1.3761788e-05	2.1736107e-06	FGA	2041-04-01
2042-01-07	tropics	28								5.249019e-06	8.135785e-05	4.0075153e-07	2.8549093e-05	1.0845133e-06	1.3547013e-05	2.1339313e-06	FGA	2041-04-01
2042-01-08	tropics	28								5.1696875e-06	8.035142e-05	3.9213134e-07	2.81765e-05	1.0633379e-06	1.3341831e-05	2.0960695e-06	FGA	2041-04-01
2042-01-09	tropics	28								5.0915546e-06	7.936511e-05	3.836966e-07	2.7808765e-05	1.0425756e-06	1.3150973e-05	2.0600105e-06	FGA	2041-04-01
2042-01-10	tropics	28								5.0171193e-06	7.8455436e-05	3.754433e-07	2.744582e-05	1.0222187e-06	1.2962848e-05	2.0264558e-06	FGA	2041-04-01
2042-01-11	tropics	28								4.9441405e-06	7.755621e-05	3.673676e-07	2.7087608e-05	1.002259e-06	1.2777413e-05	1.9934507e-06	FGA	2041-04-01
2042-01-12	tropics	28								4.8722222e-06	7.666728e-05	3.5946562e-07	2.6734073e-05	9.826888e-07	1.2594628e-05	1.960986e-06	FGA	2041-04-01
2042-01-13	tropics	28								4.7996464e-06	7.578855e-05	3.517336e-07	2.6387079e-05	9.635005e-07	1.2413659e-05	1.929053e-06	FGA	2041-04-01
2042-01-14	tropics	28								4.727333e-06	7.49199e-05	3.4416792e-07	2.6071933e-05	9.44687e-07	1.2233791e-05	1.8976432e-06	FGA	2041-04-01
2042-01-15	tropics	28								4.6561127e-06	7.406121e-05	3.3676503e-07	2.5760553e-05	9.2624043e-07	1.2056529e-05	1.8668707e-06	FGA	2041-04-01
2042-01-16	tropics	28								4.585966e-06	7.3212366e-05	3.2952138e-07	2.5452895e-05	9.081538e-07	1.1881838e-05	1.8372632e-06	FGA	2041-04-01
2042-01-17	tropics	28								4.516881e-06	7.237326e-05	3.2243358e-07	2.5148907e-05	8.904204e-07	1.17096815e-05	1.8060898e-06	FGA	2041-04-01
2042-01-18	tropics	28								4.4488393e-06	7.154378e-05	3.1549823e-07	2.4848552e-05	8.730416e-07	1.1540018e-05	1.7715026e-06	FGA	2041-04-01
2042-01-19	tropics	28								4.3818236e-06	7.0723814e-05	3.087121e-07	2.4551779e-05	8.5606104e-07	1.1367463e-05	1.7375817e-06	FGA	2041-04-01
2042-01-20	tropics	28								4.3158216e-06	6.991324e-05	3.0207195e-07	2.4258557e-05	8.394106e-07	1.1196553e-05	1.7043146e-06	FGA	2041-04-01
2042-01-21	tropics	28								4.250816e-06	6.9111964e-05	2.9557467e-07	2.396883e-05	8.230839e-07	1.1028214e-05	1.6716887e-06	FGA	2041-04-01
2042-01-22	tropics	28								4.1867925e-06	6.831989e-05	2.8921718e-07	2.3682567e-05	8.0707457e-07	1.0862407e-05	1.6396909e-06	FGA	2041-04-01
2042-01-23	tropics	28								4.118519e-06	6.7536894e-05	2.8299644e-07	2.3399718e-05	7.9173816e-07	1.0699097e-05	1.6105948e-06	FGA	2041-04-01
2042-01-24	tropics	28								4.050969e-06	6.6762885e-05	2.7690956e-07	2.312025e-05	7.7674196e-07	1.0538241e-05	1.583983e-06	FGA	2041-04-01
2042-01-25	tropics	28								3.984527e-06	6.5997745e-05	2.7095354e-07	2.2825167e-05	7.620299e-07	1.0379808e-05	1.5578112e-06	FGA	2041-04-01
2042-01-26	tropics	28								3.9191764e-06	6.524138e-05	2.6512572e-07	2.252904e-05	7.474467e-07	1.0223755e-05	1.5320713e-06	FGA	2041-04-01
2042-01-27	tropics	28								3.854898e-06	6.449369e-05	2.5942325e-07	2.223051e-05	7.328854e-07	1.0070053e-05	1.506757e-06	FGA	2041-04-01
2042-01-28	tropics	28								3.7916745e-06	6.375458e-05	2.5384347e-07	2.1907408e-05	7.1860757e-07	9.918546e-06	1.4818604e-06	FGA	2041-04-01
2042-01-29	tropics	28								3.7294885e-06	6.3023945e-05	2.483837e-07	2.15856e-05	7.04608e-07	9.767801e-06	1.4573754e-06	FGA	2041-04-01
2042-01-30	tropics	28								3.6683232e-06	6.230169e-05	2.430414e-07	2.1268525e-05	6.908811e-07	9.619347e-06	1.4332948e-06	FGA	2041-04-01
2042-01-31	tropics	28								3.6081615e-06	6.1587714e-05	2.3781404e-07	2.0956113e-05	6.774215e-07	9.46705e-06	1.4096122e-06	FGA	2041-04-01
2042-02-01	tropics	28								3.5497683e-06	6.0881935e-05	2.3269912e-07	2.0648295e-05	6.6422416e-07	9.316604e-06	1.3863204e-06	FGA	2041-04-01
2042-02-02	tropics	28								3.4942643e-06	6.0184248e-05	2.2769424e-07	2.0345e-05	6.512838e-07	9.168556e-06	1.3631259e-06	FGA	2041-04-01
2042-02-03	tropics	28								3.4396276e-06	5.9494563e-05	2.2279704e-07	2.0046164e-05	6.387538e-07	9.02287e-06	1.3388914e-06	FGA	2041-04-01
2042-02-04	tropics	28								3.3858455e-06	5.8812788e-05	2.180052e-07	1.9761492e-05	6.2770414e-07	8.879507e-06	1.3150882e-06	FGA	2041-04-01
2042-02-05	tropics	28								3.3329038e-06	5.8141133e-05	2.1331641e-07	1.9503506e-05	6.1690565e-07	8.729254e-06	1.2917084e-06	FGA	2041-04-01
2042-02-06	tropics	28								3.2807902e-06	5.7477653e-05	2.0872852e-07	1.9248891e-05	6.052541e-07	8.580475e-06	1.2690992e-06	FGA	2041-04-01
2042-02-07	tropics	28								3.2294915e-06	5.682176e-05	2.042393e-07	1.8997596e-05	5.9252864e-07	8.434241e-06	1.2473965e-06	FGA	2041-04-01
2042-02-08	tropics	28								3.178995e-06	5.6173358e-05	1.9984667e-07	1.8753668e-05	5.800708e-07	8.290508e-06	1.2260653e-06	FGA	2041-04-01
2042-02-09	tropics	28								3.1292875e-06	5.5532357e-05	1.9554852e-07	1.8530518e-05	5.6787496e-07	8.160883e-06	1.2050992e-06	FGA	2041-04-01
2042-02-10	tropics	28								3.0803578e-06	5.4898675e-05	1.9134285e-07	1.8310018e-05	5.5652094e-07	8.040353e-06	1.1844918e-06	FGA	2041-04-01
2042-02-11	tropics	28								3.0321928e-06	5.427223e-05	1.8722764e-07	1.8089831e-05	5.4559376e-07	7.921607e-06	1.1642371e-06	FGA	2041-04-01
2042-02-12	tropics	28								2.9841503e-06	5.365295e-05	1.8320098e-07	1.7871023e-05	5.349642e-07	7.804615e-06	1.1443293e-06	FGA	2041-04-01
2042-02-13	tropics	28								2.9363039e-06	5.304074e-05	1.7926092e-07	1.7654875e-05	5.2454175e-07	7.689348e-06	1.124762e-06	FGA	2041-04-01
2042-02-14	tropics	28								2.8892243e-06	5.2435524e-05	1.7540562e-07	1.7418746e-05	5.143222e-07	7.575786e-06	1.1055299e-06	FGA	2041-04-01
2042-02-15	tropics	28								2.8429e-06	5.1837218e-05	1.7163326e-07	1.7162669e-05	5.043018e-07	7.4638997e-06	1.0866268e-06	FGA	2041-04-01
2042-02-16	tropics	28								2.7973174e-06	5.121185e-05	1.6794205e-07	1.6910373e-05	4.944766e-07	7.3536676e-06	1.0680469e-06	FGA	2041-04-01
2042-02-17	tropics	28								2.7524663e-06	5.0588937e-05	1.6433025e-07	1.6661801e-05	4.848428e-07	7.245065e-06	1.0492593e-06	FGA	2041-04-01
2042-02-18	tropics	28								2.7083343e-06	4.998359e-05	1.6079613e-07	1.6440106e-05	4.7539663e-07	7.1380646e-06	1.0295786e-06	FGA	2041-04-01
2042-02-19	tropics	28								2.6649097e-06	4.940951e-05	1.5733804e-07	1.6225977e-05	4.6613445e-07	7.0326446e-06	1.0102673e-06	FGA	2041-04-01
2042-02-20	tropics	28								2.622181e-06	4.884206e-05	1.5395436e-07	1.6014126e-05	4.5705272e-07	6.928783e-06	9.913181e-07	FGA	2041-04-01
2042-02-21	tropics	28								2.5801378e-06	4.8281167e-05	1.5064344e-07	1.5805042e-05	4.4814797e-07	6.826456e-06	9.727246e-07	FGA	2041-04-01
2042-02-22	tropics	28								2.538768e-06	4.7726753e-05	1.4740147e-07	1.5598685e-05	4.3941668e-07	6.725639e-06	9.544797e-07	FGA	2041-04-01
2042-02-23	tropics	28								2.4980623e-06	4.7180874e-05	1.4422554e-07	1.539502e-05	4.3085538e-07	6.624044e-06	9.3657724e-07	FGA	2041-04-01
2042-02-24	tropics	28								2.4580086e-06	4.6643687e-05	1.4111808e-07	1.5194016e-05	4.2246094e-07	6.5210024e-06	9.1901063e-07	FGA	2041-04-01
2042-02-25	tropics	28								2.4183125e-06	4.6112655e-05	1.3807757e-07	1.4995635e-05	4.1423002e-07	6.41752e-06	9.0177355e-07	FGA	2041-04-01
2042-02-26	tropics	28								2.3792259e-06	4.5587698e-05	1.3510261e-07	1.479984e-05	4.0615947e-07	6.315682e-06	8.848599e-07	FGA	2041-04-01
2042-02-27	tropics	28								2.3407706e-06	4.506877e-05	1.3219174e-07	1.4606603e-05	3.9824613e-07	6.215459e-06	8.682633e-07	FGA	2041-04-01
2042-02-28	tropics	28								2.3029374e-06	4.4555774e-05	1.2934362e-07	1.4415886e-05	3.9048692e-07	6.1168275e-06	8.519783e-07	FGA	2041-04-01
2042-03-01	tropics	28								2.265715e-06	4.4048662e-05	1.2655686e-07	1.4227661e-05	3.8287888e-07	6.019761e-06	8.3599855e-07	FGA	2041-04-01
2042-03-02	tropics	28								2.2290944e-06	4.3547363e-05	1.2383018e-07	1.4041893e-05	3.754191e-07	5.9242357e-06	8.197225e-07	FGA	2041-04-01
2042-03-03	tropics	28								2.193066e-06	4.3051798e-05	1.2116224e-07	1.38585465e-05	3.6810462e-07	5.830226e-06	8.0367516e-07	FGA	2041-04-01
2042-03-04	tropics	28								2.157619e-06	4.2561907e-05	1.1855182e-07	1.3677594e-05	3.6093263e-07	5.7377088e-06	7.883803e-07	FGA	2041-04-01
2042-03-05	tropics	28								2.1227456e-06	4.2077634e-05	1.1599765e-07	1.3499004e-05	3.539003e-07	5.64666e-06	7.737129e-07	FGA	2041-04-01
2042-03-06	tropics	28								2.0884358e-06	4.15989e-05	1.13498515e-07	1.3322744e-05	3.4700503e-07	5.5566943e-06	7.5931877e-07	FGA	2041-04-01
2042-03-07	tropics	28								2.0543127e-06	4.1125655e-05	1.1105324e-07	1.3148786e-05	3.402441e-07	5.4677676e-06	7.449122e-07	FGA	2041-04-01
2042-03-08	tropics	28								2.020031e-06	4.0657826e-05	1.0866067e-07	1.2977099e-05	3.3361488e-07	5.3802623e-06	7.305803e-07	FGA	2041-04-01
2042-03-09	tropics	28								1.9863214e-06	4.019535e-05	1.0631966e-07	1.2807651e-05	3.271148e-07	5.294158e-06	7.1652454e-07	FGA	2041-04-01
2042-03-10	tropics	28								1.9525146e-06	3.9746556e-05	1.0402909e-07	1.2640417e-05	3.2074132e-07	5.209433e-06	7.027393e-07	FGA	2041-04-01
2042-03-11	tropics	28								1.9177728e-06	3.930336e-05	1.017879e-07	1.2475365e-05	3.1449207e-07	5.127134e-06	6.892194e-07	FGA	2041-04-01
2042-03-12	tropics	28								1.8836497e-06	3.886512e-05	9.959499e-08	1.2312466e-05	3.083645e-07	5.0535978e-06	6.7595965e-07	FGA	2041-04-01
2042-03-13	tropics	28								1.8501344e-06	3.8431783e-05	9.744935e-08	1.2151693e-05	3.023563e-07	4.9811197e-06	6.6295513e-07	FGA	2041-04-01
2042-03-14	tropics	28								1.8189287e-06	3.80033e-05	9.534995e-08	1.199302e-05	2.9646526e-07	4.9096852e-06	6.5020095e-07	FGA	2041-04-01
2042-03-15	tropics	28								1.7892586e-06	3.757961e-05	9.3295775e-08	1.1836419e-05	2.9068892e-07	4.839278e-06	6.3828645e-07	FGA	2041-04-01
2042-03-16	tropics	28								1.7586397e-06	3.716066e-05	9.128588e-08	1.1681862e-05	2.8502512e-07	4.7650956e-06	6.2664384e-07	FGA	2041-04-01
2042-03-17	tropics	28								1.7280307e-06	3.6741327e-05	8.9319286e-08	1.1529322e-05	2.794732e-07	4.6919754e-06	6.152145e-07	FGA	2041-04-01
2042-03-18	tropics	28								1.6979546e-06	3.6322283e-05	8.739508e-08	1.1378774e-05	2.740732e-07	4.6199802e-06	6.0399464e-07	FGA	2041-04-01
2042-03-19	tropics	28								1.6684021e-06	3.590802e-05	8.551233e-08	1.12301905e-05	2.6877754e-07	4.5482084e-06	5.9305e-07	FGA	2041-04-01
2042-03-20	tropics	28								1.6393637e-06	3.5498488e-05	8.367016e-08	1.1083546e-05	2.6372052e-07	4.476739e-06	5.8310627e-07	FGA	2041-04-01
2042-03-21	tropics	28								1.6108311e-06	3.5093624e-05	8.186769e-08	1.09388175e-05	2.5891313e-07	4.4063936e-06	5.733302e-07	FGA	2041-04-01
2042-03-22	tropics	28								1.582795e-06	3.4693396e-05	8.010406e-08	1.0795978e-05	2.5360004e-07	4.3371533e-06	5.63719e-07	FGA	2041-04-01
2042-03-23	tropics	28								1.5552467e-06	3.4297733e-05	7.837843e-08	1.0655002e-05	2.4845494e-07	4.2690017e-06	5.5426983e-07	FGA	2041-04-01
2042-03-24	tropics	28								1.5283326e-06	3.390659e-05	7.6689986e-08	1.0515868e-05	2.4361572e-07	4.2019196e-06	5.4497986e-07	FGA	2041-04-01
2042-03-25	tropics	28								1.5029511e-06	3.3519907e-05	7.503793e-08	1.0378549e-05	2.389601e-07	4.1358926e-06	5.34994e-07	FGA	2041-04-01
2042-03-26	tropics	28								1.4779916e-06	3.3137647e-05	7.342147e-08	1.0243022e-05	2.3444312e-07	4.0709037e-06	5.251873e-07	FGA	2041-04-01
2042-03-27	tropics	28								1.4534471e-06	3.275975e-05	7.183984e-08	1.0109265e-05	2.3001158e-07	4.008654e-06	5.1556043e-07	FGA	2041-04-01
2042-03-28	tropics	28								1.4289544e-06	3.238617e-05	7.029229e-08	9.977254e-06	2.256638e-07	3.949223e-06	5.061102e-07	FGA	2041-04-01
2042-03-29	tropics	28								1.4038967e-06	3.2016855e-05	6.8778085e-08	9.846967e-06	2.2139818e-07	3.8906733e-06	4.9683314e-07	FGA	2041-04-01
2042-03-30	tropics	28								1.3818236e-06	3.1651758e-05	6.729651e-08	9.718382e-06	2.1721317e-07	3.832991e-06	4.8774467e-07	FGA	2041-04-01
2042-03-31	tropics	28								1.3592833e-06	3.1290827e-05	6.584687e-08	9.591473e-06	2.1310736e-07	3.7761656e-06	4.789275e-07	FGA	2041-04-01
2042-04-01	tropics	28								1.3367124e-06	3.093402e-05	6.4428455e-08	9.466223e-06	2.0907908e-07	3.720182e-06	4.7026973e-07	FGA	2041-04-01
